# Scenario default_scenario
# distance at msg send, delivery time, hop count, MSG_ID
1999.7684 926.9000 1 M14
2378.1763 680.5000 1 M29
725.2159 190.7000 1 M48
807.7394 873.6000 2 M44
2477.5054 2107.1000 4 M5
1557.6172 1242.5000 3 M35
1791.5431 2013.6000 3 M9
1056.6837 1803.2000 3 M17
1931.2118 513.1000 1 M68
1718.5182 1481.6000 1 M40
2624.1208 787.1000 1 M63
1057.4045 188.8000 1 M88
1482.9997 1796.9000 4 M38
1270.1652 2754.2000 1 M7
636.4099 1030.7000 4 M69
1036.9401 2547.0000 3 M20
1014.8917 2140.4000 1 M45
2849.4059 1020.8000 2 M86
903.4994 3079.4000 3 M19
499.8419 3635.2000 3 M1
1131.3910 1231.9000 2 M84
1864.2548 927.5000 2 M97
1294.9656 1659.8000 2 M79
2059.6486 1319.0000 3 M100
1727.5371 3525.6000 1 M28
2175.8840 1298.1000 2 M103
1790.2074 2002.8000 1 M80
2332.3036 3248.8000 4 M39
828.7706 2682.5000 3 M58
902.2949 2977.1000 2 M49
1804.0495 3224.1000 2 M46
1787.1922 2514.2000 1 M70
2703.2672 2786.7000 4 M61
1375.8589 1437.5000 4 M107
1468.3710 4280.2000 2 M13
2726.0679 2545.1000 3 M73
1172.6079 4621.7000 3 M8
872.6668 2241.9000 2 M89
2273.1170 3293.3000 3 M54
1421.5209 2858.0000 3 M71
997.5595 496.7000 1 M152
2060.1464 1076.0000 2 M133
1693.5908 2085.6000 3 M99
2621.1266 1880.7000 3 M108
168.5199 1026.8000 3 M141
1809.7969 4701.6000 2 M21
809.8196 3490.3000 1 M64
2700.9131 4914.2000 4 M18
991.6873 4839.6000 2 M23
395.1936 3311.6000 4 M75
1324.3441 544.1000 3 M169
2210.3120 2515.0000 3 M102
561.4443 561.4000 2 M171
1514.7911 3941.5000 1 M59
1543.3539 504.3000 2 M176
2036.4468 3780.5000 1 M67
1004.8648 1516.1000 3 M147
963.0552 3454.0000 1 M82
802.9853 4700.6000 2 M41
1952.2426 2301.7000 3 M121
1459.1181 5729.0000 2 M11
1788.3089 4525.7000 2 M52
959.6074 665.1000 2 M186
1496.4540 5253.4000 1 M36
1169.6544 3183.7000 1 M106
1152.4173 3252.1000 3 M104
967.2578 922.7000 1 M184
2266.0603 3642.0000 2 M93
2072.8754 2547.1000 3 M131
393.9778 3815.7000 3 M92
819.9124 3210.3000 2 M113
1009.2942 2317.1000 1 M144
1996.9244 6486.0000 2 M4
1187.2973 1635.4000 3 M168
2695.5946 1722.4000 1 M167
375.1241 256.0000 1 M217
703.2010 4768.3000 3 M65
1431.6354 2883.6000 3 M129
1258.9516 3436.9000 4 M111
233.5752 3970.2000 2 M98
843.8514 741.6000 2 M209
2007.4903 1620.9000 2 M182
711.5045 6164.6000 4 M30
502.3690 5193.5000 4 M62
548.5273 1194.7000 2 M198
577.5483 5447.3000 4 M55
1008.5688 6751.1000 2 M12
1180.6881 4280.5000 1 M94
1406.8548 2284.2000 3 M164
1201.5579 7084.4000 4 M6
744.3345 3119.4000 1 M146
926.6074 1025.9000 1 M219
1589.1283 3980.1000 1 M120
937.1071 5271.8000 2 M77
1584.5606 5996.8000 3 M53
1785.7587 1481.0000 4 M206
1426.0410 4156.4000 4 M116
1656.2653 2932.0000 3 M158
308.8115 770.3000 4 M233
1904.1839 3746.4000 2 M137
114.9287 6527.2000 2 M50
626.9766 573.4000 2 M252
1781.4615 1300.9000 1 M228
1664.5643 3456.8000 1 M159
2931.1871 3874.5000 4 M145
586.6078 7496.7000 4 M24
1681.3792 2983.4000 3 M181
1530.8179 2128.0000 2 M211
2674.4224 2051.4000 2 M214
1687.5564 2536.6000 1 M199
1079.8185 7994.3000 1 M16
2693.6724 4745.7000 4 M128
946.3287 6123.2000 4 M83
545.4489 4269.8000 3 M149
1772.4733 4082.7000 2 M157
1402.4159 1086.1000 1 M259
1093.5139 4800.5000 4 M135
1509.7821 3284.4000 2 M187
1927.8841 1569.4000 2 M245
455.0786 6430.6000 3 M81
545.4849 5226.6000 3 M122
1345.9028 4493.8000 4 M148
1029.1144 3779.1000 4 M173
1562.2423 5559.2000 2 M112
3145.2173 4843.2000 4 M142
427.2275 8806.1000 2 M10
632.2601 1244.3000 1 M267
1278.9533 3850.5000 1 M179
1039.1629 8896.5000 4 M15
605.1599 7642.8000 3 M57
1061.9471 1272.6000 2 M273
1612.0919 8381.6000 3 M33
567.4471 3268.2000 4 M208
778.3247 1434.2000 2 M271
165.2148 246.0000 3 M313
773.4352 3841.5000 3 M191
505.4342 4779.0000 3 M161
1249.7779 4781.7000 2 M162
402.3787 6711.3000 2 M96
455.5122 1826.3000 1 M265
1164.6944 2905.2000 3 M230
1720.6109 4026.0000 4 M192
1195.8389 6496.3000 3 M109
703.0518 2425.3000 4 M250
2319.9776 6385.8000 1 M118
1453.1478 8998.9000 2 M31
1001.4795 3571.3000 2 M215
1435.7962 6328.8000 3 M126
999.3358 2328.6000 3 M263
1105.3870 3490.7000 2 M224
1523.5393 5335.1000 1 M163
543.1847 729.0000 2 M321
1150.4180 786.8000 2 M322
1645.6467 2816.9000 2 M255
884.3287 8435.5000 2 M66
402.0166 2985.9000 3 M251
1067.4017 4156.0000 2 M212
472.9383 3991.2000 3 M218
2609.9802 6654.1000 2 M130
965.9859 6336.1000 2 M143
1650.9565 1389.0000 1 M312
1318.7228 2865.5000 1 M261
191.8922 1031.8000 3 M327
1183.8839 2329.5000 4 M282
959.3934 3737.2000 4 M234
916.3873 609.7000 1 M345
653.9381 5340.9000 4 M183
1581.8553 10718.4000 1 M2
9.9172 4502.7000 2 M213
1995.0475 2662.2000 1 M277
1277.3046 5717.6000 3 M174
2390.8104 1757.7000 3 M311
907.7542 192.1000 1 M365
2254.4540 1620.1000 2 M319
906.1043 4352.5000 3 M225
920.7950 1609.2000 3 M320
2449.9566 3272.6000 3 M264
1243.8434 6970.1000 3 M139
1132.4649 3368.8000 4 M262
3398.5235 7095.0000 1 M136
997.4596 1832.5000 2 M316
2439.2729 2770.4000 4 M284
592.1923 5702.1000 1 M185
426.8821 4642.8000 2 M221
1601.8307 6765.9000 3 M150
585.2141 5366.3000 3 M197
1077.8375 4620.1000 3 M226
1655.8301 4805.7000 1 M220
1240.1747 3305.8000 3 M272
1979.8813 1340.6000 1 M341
929.5829 4800.3000 1 M222
1422.1888 4422.8000 3 M235
2154.7820 2808.3000 3 M291
1175.9590 9217.7000 3 M74
1764.7747 555.2000 1 M372
2311.6962 2606.7000 3 M302
1406.4152 7894.1000 2 M123
1582.1597 2504.1000 3 M309
898.7011 4501.3000 3 M240
578.8695 7633.5000 3 M138
1416.0198 1849.2000 4 M337
773.2206 10772.7000 2 M34
1184.3010 8652.6000 3 M105
1189.2231 391.9000 3 M389
1428.4232 1032.5000 3 M367
290.0492 803.7000 2 M376
1359.0390 2205.1000 4 M328
1913.1439 6177.4000 1 M195
1199.8484 2206.4000 2 M332
467.1292 11267.9000 3 M26
1107.5893 11134.7000 1 M32
1192.1074 827.2000 1 M384
538.3983 868.0000 2 M383
2013.3748 5258.2000 3 M232
1443.7651 3206.2000 3 M303
1283.8601 6580.6000 3 M189
1197.5073 1023.1000 3 M380
970.0530 4585.9000 1 M256
389.8144 3156.3000 2 M307
738.0058 2208.6000 4 M342
737.8317 2467.6000 1 M336
2383.5239 4684.4000 3 M260
644.2047 7115.9000 2 M178
1915.6560 6598.8000 2 M196
576.3885 436.6000 1 M409
1346.6733 1498.4000 2 M375
214.8959 7632.4000 3 M166
1115.0248 8043.5000 1 M153
464.7891 4498.4000 3 M274
770.1783 1121.5000 2 M394
946.6895 5398.3000 4 M248
1092.3914 4224.1000 3 M289
600.7937 4028.2000 2 M296
1525.1746 2250.9000 3 M358
1169.4338 4573.3000 4 M278
463.0714 1282.3000 4 M393
1444.0837 10532.6000 2 M78
81.3751 3539.8000 4 M317
1220.0818 2995.5000 3 M339
750.3433 9700.9000 2 M110
1199.1792 6987.9000 2 M203
1132.8939 4761.2000 4 M280
958.1418 1784.6000 3 M385
574.6782 4406.0000 3 M295
1125.0398 383.1000 2 M437
2510.7982 4558.3000 4 M294
2151.7262 6859.3000 3 M216
250.6629 2885.8000 3 M353
1707.7366 4957.8000 3 M281
525.9371 2311.2000 1 M373
1058.2461 4407.4000 2 M301
2951.4051 7308.3000 1 M202
165.4774 5980.4000 4 M247
1230.0943 2943.0000 3 M356
1068.3706 2509.8000 2 M371
2022.8218 3697.1000 3 M330
842.4078 2723.9000 2 M366
860.3806 6299.6000 2 M243
2505.6009 13539.3000 1 M3
1403.5458 8744.5000 4 M165
970.2888 4881.2000 3 M297
1646.1167 3857.1000 3 M334
1010.1475 5287.6000 3 M285
1284.2716 3369.4000 2 M352
693.3106 7785.3000 3 M201
690.7151 1834.7000 1 M407
1030.8999 4294.1000 4 M324
683.6033 4699.4000 3 M310
1036.0722 11358.0000 1 M85
1845.6299 13215.9000 4 M27
1206.8033 10540.0000 1 M117
2132.8688 3753.3000 1 M350
1581.9620 1497.5000 2 M429
1919.6026 2255.3000 1 M404
1406.1410 13067.9000 3 M37
2075.8091 5739.7000 2 M286
1051.1016 12096.6000 4 M72
1627.9193 2106.6000 4 M413
1909.0592 6877.0000 2 M249
2374.8384 4040.6000 3 M348
496.8662 717.4000 3 M463
798.7129 5955.9000 4 M283
1160.0773 2813.3000 3 M392
1481.8673 2125.7000 3 M416
579.9824 1605.9000 2 M434
988.9642 2544.6000 2 M403
2067.8426 3270.2000 3 M379
1385.9907 10859.7000 4 M119
2531.7353 9024.5000 3 M188
1554.9969 503.7000 2 M480
714.8437 2335.7000 4 M418
460.4832 125.3000 2 M493
1202.9534 2110.1000 2 M428
1992.7062 8508.2000 4 M210
1253.9365 7446.8000 1 M246
1924.8812 3937.7000 3 M368
917.3187 4603.9000 3 M346
891.7530 3031.1000 3 M401
1720.4829 5906.9000 4 M304
1190.9599 1519.3000 3 M460
762.5931 9862.3000 2 M175
1433.7515 1508.9000 4 M462
1364.7303 4764.5000 3 M351
794.0210 8355.1000 2 M229
278.7060 4591.7000 2 M363
1716.9644 3610.3000 1 M397
1020.9118 11196.8000 4 M140
1548.8742 11589.9000 2 M127
1003.1763 2964.8000 2 M422
808.6876 2078.5000 4 M453
1441.1961 7233.6000 3 M276
1457.6107 2064.1000 2 M455
1386.1473 5801.6000 3 M329
880.3988 1100.0000 2 M489
1339.9176 6650.8000 2 M300
1401.0523 3744.3000 3 M400
1749.2215 8515.7000 3 M236
717.3219 3427.6000 4 M411
1352.1558 4879.6000 4 M362
1221.7050 6719.3000 4 M299
835.2526 3440.4000 2 M412
947.8869 3082.1000 2 M424
1412.6328 5312.0000 3 M349
685.3197 11855.1000 3 M125
2232.9523 2063.8000 2 M464
937.5069 1000.2000 2 M501
1462.9352 6184.4000 2 M326
664.6462 650.4000 1 M514
442.7426 10469.8000 1 M180
974.1043 5435.3000 3 M355
1036.7486 5306.9000 3 M360
14.5011 10961.1000 1 M172
1953.3267 9493.3000 3 M223
651.6468 4159.4000 4 M408
1151.3949 530.3000 1 M530
1449.2921 3619.4000 3 M427
596.6164 8210.2000 2 M270
616.5816 2182.6000 3 M477
1191.1650 6033.8000 3 M347
790.3987 6144.0000 2 M344
755.9447 975.6000 2 M520
885.1677 1406.0000 3 M506
1357.7690 14636.3000 3 M56
1571.2934 5261.0000 2 M377
1147.0362 3090.0000 4 M451
1668.3755 11106.7000 2 M177
1297.6418 2971.9000 2 M456
444.7320 5060.5000 2 M386
935.6088 13684.8000 2 M95
1050.6344 13825.6000 4 M91
443.1301 1010.8000 1 M527
2918.0827 7940.8000 3 M292
1009.7867 10556.9000 3 M204
1303.5525 8094.2000 1 M290
860.3411 8049.4000 1 M293
1830.0598 6090.0000 1 M361
2157.1356 1959.8000 1 M502
2024.5409 3591.7000 1 M449
1099.3069 12263.2000 2 M155
1008.6845 1575.7000 3 M519
679.3287 9848.9000 3 M238
844.0215 2311.7000 3 M498
1257.6603 3111.6000 2 M472
1339.7236 858.9000 4 M548
1986.3949 1461.3000 2 M528
1087.7912 2466.9000 4 M495
1919.6505 5436.3000 3 M396
2348.1301 9962.5000 3 M241
1110.4092 7600.4000 2 M323
1349.6175 4193.9000 4 M442
1252.7978 2359.0000 2 M505
1408.0753 532.9000 1 M566
2264.2740 10226.8000 1 M237
620.4476 1314.6000 2 M541
803.2995 3819.1000 3 M458
2337.9661 2744.3000 1 M494
421.4098 14750.0000 3 M87
522.0427 6681.7000 2 M364
2671.5242 1997.4000 2 M523
1601.6066 3971.0000 3 M459
879.5425 7466.9000 3 M340
416.6827 687.5000 1 M569
1371.2409 4220.0000 2 M452
2001.1306 4490.9000 4 M445
1990.5244 16858.8000 2 M25
2363.7328 8640.6000 2 M305
1259.6726 953.1000 1 M565
1572.6023 4036.6000 3 M465
1206.4149 4460.4000 1 M450
671.0626 10498.6000 1 M244
1842.9352 6344.8000 4 M388
2107.9446 8370.8000 3 M318
2080.8611 13355.2000 1 M151
1032.2635 14845.8000 3 M101
1606.2708 2027.5000 2 M537
772.6969 2652.7000 3 M518
2611.8334 2169.8000 1 M534
1767.3988 5020.9000 1 M439
612.1182 14536.9000 4 M115
1321.4369 16625.1000 3 M47
1449.0622 6550.1000 1 M391
236.7163 761.0000 4 M586
508.5860 6752.2000 3 M387
505.5548 3023.5000 2 M513
1245.4319 13106.5000 3 M170
702.1129 5816.1000 3 M420
440.6077 5462.8000 3 M433
1162.9903 310.0000 1 M608
674.3157 109.0000 2 M616
817.2147 3166.0000 1 M515
2368.2039 1435.0000 2 M573
1002.5761 8708.4000 1 M331
908.4728 5596.2000 1 M438
1306.7157 4557.3000 3 M475
535.7786 4502.0000 3 M479
2474.1857 4809.5000 2 M471
1597.5267 6996.6000 2 M398
1654.1242 6715.0000 2 M410
1592.4910 3789.5000 2 M509
3463.1887 5818.1000 3 M441
1623.2522 6864.2000 3 M406
987.0604 3966.5000 1 M504
537.5073 1527.9000 2 M585
2548.0264 1838.8000 3 M576
594.4385 2595.3000 2 M555
2031.2727 2996.5000 3 M546
1038.4976 15193.4000 2 M132
1808.3334 6011.5000 3 M446
1988.6501 5196.7000 3 M474
3506.5018 2006.1000 3 M580
754.7571 3392.7000 2 M535
1444.1134 1916.2000 3 M584
1677.4106 1669.0000 3 M596
1292.3837 2251.6000 1 M577
1756.3341 6646.7000 1 M431
870.6714 1073.8000 1 M619
1098.0323 7086.8000 2 M419
466.8868 5667.6000 4 M468
666.8776 2272.5000 1 M583
2948.9168 5787.1000 2 M467
410.7738 7905.5000 3 M399
2426.9430 810.5000 3 M640
811.5869 6825.7000 3 M440
1439.8026 6749.9000 4 M443
897.2841 3630.3000 3 M549
875.7698 14230.5000 2 M190
1168.5938 7362.8000 1 M426
603.3593 3368.9000 4 M560
1558.2754 1220.9000 2 M633
1590.5526 1304.5000 3 M632
279.0200 8147.9000 3 M405
1528.6349 17794.7000 2 M76
2579.6655 2340.3000 3 M601
1348.7232 15345.8000 3 M160
1155.6348 4237.5000 2 M538
784.1808 7075.5000 2 M444
2098.1098 10861.8000 3 M315
1542.0212 5129.5000 1 M510
1315.2106 5804.0000 3 M488
1204.1644 736.3000 4 M657
1648.9498 9013.8000 1 M381
756.0917 810.0000 1 M656
1006.4620 10356.8000 2 M335
705.0327 5821.5000 3 M490
2391.5520 1302.6000 3 M642
671.3418 1652.1000 1 M631
1009.4818 3119.2000 1 M582
1378.4660 2654.1000 3 M600
586.8845 860.8000 2 M661
1166.7974 8260.1000 3 M414
1537.5541 4990.9000 2 M524
1778.1585 9973.1000 1 M357
1656.9220 2645.7000 1 M604
902.4292 2400.6000 1 M613
1046.8354 2534.5000 1 M610
809.0989 1521.9000 2 M644
914.7894 1104.6000 1 M659
895.9542 14869.3000 2 M193
924.5590 1871.5000 3 M634
1457.4503 1176.6000 2 M658
850.0217 4397.9000 4 M550
1936.6147 889.8000 4 M668
1378.5456 3574.7000 2 M578
1060.3338 2984.5000 4 M599
2457.1375 13504.6000 3 M242
1803.4167 7929.2000 2 M435
1439.9905 2270.2000 3 M625
2846.3119 4266.8000 1 M558
505.4973 2677.6000 4 M612
625.5066 5065.6000 1 M532
378.5964 656.8000 1 M684
618.0335 6451.9000 2 M491
681.3150 5956.1000 2 M508
1585.7356 10518.3000 3 M354
510.4106 8728.3000 3 M415
1641.5884 12478.4000 2 M288
530.2059 2492.6000 2 M626
2085.8727 13052.7000 1 M269
2328.6168 12929.5000 2 M275
830.7289 673.9000 1 M695
1099.6555 7266.9000 2 M478
1897.5329 13388.2000 4 M268
1639.3738 12558.5000 2 M298
1153.6639 11604.6000 2 M333
471.2352 266.0000 3 M717
513.8037 4033.8000 2 M591
1272.9081 542.8000 2 M709
1721.3854 4886.1000 3 M564
2601.0573 5432.4000 4 M547
2483.6739 1567.6000 4 M677
1009.1203 1113.7000 2 M693
630.4497 8800.5000 4 M436
1470.0202 4065.9000 3 M597
1298.4714 946.5000 3 M702
1238.4757 7422.6000 2 M486
1288.1125 7466.0000 4 M485
876.2620 14241.7000 3 M258
640.2131 7216.4000 2 M500
2092.0500 7394.0000 2 M496
2287.8197 8968.2000 2 M447
582.5952 2588.7000 3 M662
606.7633 5288.3000 3 M572
1319.5282 3812.5000 3 M624
1030.9333 5498.9000 2 M570
1959.5066 5568.9000 2 M568
1282.1254 5488.1000 3 M571
349.7120 1343.3000 1 M711
456.0160 11490.6000 4 M370
2351.0665 6408.7000 1 M542
1095.0494 7385.5000 4 M511
1787.6530 7058.4000 3 M522
1003.2825 8266.5000 1 M483
638.2506 2604.0000 2 M672
1219.4122 7390.1000 1 M517
1681.3007 6333.8000 2 M552
1653.2897 9470.7000 3 M448
696.2216 3873.1000 4 M636
217.2924 9145.9000 2 M466
742.9246 5080.4000 2 M602
2720.3043 7257.6000 2 M529
1331.4972 5362.0000 1 M593
748.7704 11919.7000 4 M374
979.0968 1854.1000 2 M712
1005.8591 9086.0000 1 M473
1261.4618 756.1000 3 M752
1161.4585 9212.7000 2 M470
186.4546 4156.9000 1 M639
332.9162 9549.3000 2 M461
1346.1913 5098.5000 2 M609
441.3392 1723.6000 2 M723
1255.8699 1284.0000 2 M738
2454.6552 4586.3000 3 M627
1210.3759 1856.9000 2 M720
2296.4719 3394.7000 3 M669
334.2770 2614.3000 2 M698
855.5452 14266.6000 1 M306
504.7937 14814.7000 2 M287
996.4368 4737.4000 4 M628
2942.9428 5785.2000 4 M595
1873.2487 1227.3000 2 M750
1506.5987 3210.7000 1 M683
776.6241 1402.5000 1 M746
1099.9594 3308.7000 4 M682
308.3679 103.7000 1 M792
743.2849 2911.6000 3 M697
889.9554 5606.6000 2 M607
1742.3782 8078.7000 1 M525
980.3383 1021.0000 2 M762
1835.3094 4324.8000 1 M651
1209.0203 11342.9000 2 M417
1686.7168 2875.8000 3 M701
2240.1337 5489.3000 3 M614
944.1057 3246.1000 2 M691
2052.9621 9062.2000 3 M497
1362.3061 14631.2000 3 M308
1386.3733 213.7000 3 M799
1722.6536 3029.4000 2 M704
1395.1911 7830.8000 3 M544
292.9107 7544.6000 1 M554
531.1272 958.8000 1 M778
749.7532 6118.5000 2 M605
2202.9439 7285.9000 1 M567
203.4683 16568.5000 4 M253
1849.5703 4896.4000 2 M649
728.5600 14528.9000 2 M325
721.0539 5006.2000 2 M647
1664.0634 14884.7000 2 M314
1698.7766 17060.2000 1 M239
1519.7982 1476.0000 2 M767
2105.8904 8295.5000 4 M539
1763.1909 3804.9000 3 M690
1540.9132 5876.3000 2 M621
1682.2923 9753.8000 1 M492
2065.8275 4242.1000 2 M676
1525.1310 4666.5000 2 M663
2179.7976 8597.9000 3 M536
998.8140 7908.2000 3 M559
1057.1959 2985.5000 3 M725
1179.3117 9773.4000 2 M499
1713.0161 1569.5000 1 M774
751.0700 7123.7000 3 M587
1143.1355 6132.0000 4 M622
1325.4483 1668.7000 2 M772
3080.8818 3419.9000 3 M715
811.4532 6169.0000 2 M623
1103.6166 1627.0000 3 M776
983.4336 1962.5000 3 M766
1137.7320 2029.7000 4 M765
433.3031 6605.4000 2 M611
2209.3710 3215.0000 2 M726
1911.7064 5351.6000 2 M655
340.3759 2837.5000 1 M740
116.0234 1195.0000 2 M797
411.9832 5048.0000 1 M671
1226.2728 3171.4000 4 M736
1603.2442 3358.6000 3 M731
1959.7847 5706.3000 4 M652
2476.1673 12342.9000 3 M430
1303.4922 8380.5000 2 M563
1966.6632 2722.9000 2 M757
1172.6635 1354.3000 2 M805
138.9674 3236.5000 3 M742
2465.1995 5976.8000 1 M650
2045.6977 1292.1000 2 M809
1628.1002 1849.2000 1 M790
347.2177 1980.1000 3 M786
1046.6561 2198.4000 4 M781
2463.1685 7683.8000 1 M598
1149.2468 5668.4000 2 M667
101.5153 222.5000 1 M852
2345.1296 5250.5000 4 M681
2466.2835 10364.9000 1 M512
1954.3658 3022.6000 2 M758
152.7925 5133.2000 2 M687
1137.9750 3172.3000 1 M753
1253.8656 11384.8000 1 M481
2417.6747 3269.3000 1 M755
1807.9655 9261.9000 2 M556
839.9561 3567.6000 1 M748
1352.7800 2154.1000 1 M798
459.6135 12313.7000 2 M457
637.8016 2706.5000 1 M780
2161.6826 3743.2000 3 M745
560.0295 1146.4000 2 M835
1183.4563 7038.4000 4 M635
1472.3645 13386.2000 2 M423
960.9608 4518.2000 4 M721
1444.3936 9961.7000 1 M540
437.1263 8492.0000 2 M589
2324.0072 1496.7000 4 M827
1612.7710 4966.8000 2 M710
1335.0987 2517.0000 2 M794
143.4451 4658.1000 1 M722
3262.7511 630.6000 3 M861
739.0248 9474.7000 3 M562
1751.5818 2391.3000 3 M802
245.4656 13602.8000 2 M425
1034.8390 3570.6000 2 M763
1206.9972 6825.9000 4 M654
1728.8668 4051.4000 4 M749
1475.5049 2029.2000 4 M821
1147.6894 4752.9000 3 M729
1126.8007 7081.1000 2 M653
2117.0589 7783.5000 3 M630
831.6618 4774.0000 2 M732
902.4925 5532.7000 1 M707
2681.4486 5567.9000 3 M708
1157.5862 5117.5000 3 M724
1171.9104 5839.4000 2 M700
728.9022 1863.5000 3 M836
204.0264 6882.6000 4 M666
1486.9212 1045.4000 2 M872
127.6786 3633.6000 2 M784
375.9146 9885.4000 2 M574
573.1984 2917.0000 2 M812
843.6866 724.6000 3 M889
887.4775 8426.3000 3 M629
1734.1258 6435.6000 3 M699
1845.7075 4621.5000 2 M761
366.7484 3407.5000 3 M803
682.2354 3124.1000 3 M813
608.0812 2690.3000 1 M829
1840.7207 520.5000 3 M905
193.0665 1729.3000 1 M866
937.9630 4013.3000 3 M788
459.8857 1270.1000 2 M884
1267.5851 9602.1000 3 M603
804.0195 2258.3000 2 M854
1348.1178 16387.5000 2 M378
1128.3982 5769.9000 2 M737
2525.7936 2797.9000 3 M843
1714.9554 3743.2000 2 M811
762.0162 6509.8000 2 M718
1062.0570 1275.0000 1 M897
1289.4636 15093.8000 1 M432
786.8997 7863.5000 2 M674
696.2033 11383.6000 2 M557
1847.6291 6182.5000 3 M733
1883.3313 6331.1000 1 M728
1582.7164 8840.6000 1 M643
605.1097 4892.4000 3 M777
191.7452 4968.7000 3 M775
240.2423 537.0000 1 M930
1828.2456 16211.6000 1 M402
859.4604 4130.6000 1 M810
526.0899 4742.7000 4 M789
573.9689 6896.2000 1 M716
1648.5030 3521.7000 4 M832
481.7531 1684.0000 3 M895
443.7736 1156.2000 4 M916
350.2727 620.9000 2 M934
950.5833 3935.5000 2 M823
2022.2106 8243.0000 3 M678
1618.5404 4247.9000 2 M814
2033.3423 11339.0000 2 M575
897.5593 1730.4000 2 M900
1828.5291 12073.3000 4 M551
1026.9187 4561.5000 3 M807
3353.5821 2673.9000 2 M871
1629.7486 8198.7000 1 M685
1063.2690 4572.7000 1 M808
1694.0476 2159.5000 1 M890
1066.6579 2445.1000 3 M882
2839.7421 5802.0000 3 M770
958.4940 11431.8000 2 M581
541.3991 17177.9000 1 M390
1279.4863 6204.6000 1 M759
1328.0582 505.8000 3 M954
142.3087 9832.9000 3 M641
2806.9990 906.6000 2 M945
3449.3812 14643.3000 3 M484
1335.0377 10678.0000 3 M617
1726.4990 3380.8000 2 M864
874.8214 2351.9000 2 M899
427.4584 2633.8000 3 M891
2356.3269 3202.5000 2 M873
1884.3785 2343.1000 3 M902
1894.7062 13693.7000 2 M521
2393.2014 2488.9000 3 M901
674.3596 3215.0000 2 M879
1002.5857 2675.7000 2 M898
1000.3666 10962.9000 3 M618
1946.9492 6506.9000 3 M768
2608.3343 4184.8000 4 M848
662.5474 14339.7000 4 M507
1585.0331 5787.1000 1 M795
1070.7959 8442.2000 2 M706
2133.2895 2310.8000 3 M918
823.8140 8978.4000 3 M692
165.8587 8881.5000 3 M696
107.8741 1417.1000 1 M952
2009.9188 2698.9000 1 M911
1072.5695 2348.1000 4 M924
488.4604 5931.1000 4 M804
499.2982 1011.0000 1 M971
2609.4046 5422.2000 3 M822
332.1475 3513.6000 3 M887
1788.8549 6707.7000 4 M782
514.7928 8354.1000 1 M727
1082.7414 1788.2000 2 M950
758.7502 616.9000 2 M992
618.5431 1120.3000 2 M979
1119.6305 1714.7000 1 M958
1113.0104 5293.2000 2 M838
843.8605 6851.8000 2 M785
2346.4253 12269.3000 3 M606
958.4558 4523.7000 4 M869
1533.8744 3825.8000 4 M893
1074.6443 260.3000 1 M1015
2110.9127 6597.0000 3 M801
840.7536 6900.9000 1 M791
1534.7365 5758.0000 3 M831
773.9554 8354.1000 2 M743
906.7504 3146.1000 2 M921
1221.3482 3114.9000 4 M922
1272.2679 7873.8000 1 M760
1196.0825 1872.1000 1 M965
1213.8242 4592.8000 2 M874
1222.7952 16093.1000 3 M487
384.8153 6325.3000 3 M817
605.0368 14414.7000 3 M545
3702.0690 1042.1000 3 M999
754.4887 8342.9000 3 M751
303.2219 9473.0000 2 M713
1058.7948 1575.5000 4 M983
1918.4341 8898.8000 3 M734
1493.5153 4531.2000 2 M883
1159.0316 745.0000 2 M1014
1525.6299 15894.0000 3 M503
2024.7557 1671.6000 4 M986
948.7218 16782.4000 2 M476
1059.2413 5330.9000 1 M862
1572.6754 14489.9000 1 M553
1653.3659 10855.0000 1 M675
636.5997 15630.2000 1 M516
1322.2354 16689.5000 3 M482
1025.5279 6161.5000 3 M837
395.3903 3905.7000 3 M915
2090.3576 5762.0000 3 M853
2179.8072 2224.4000 3 M973
531.0045 5629.5000 3 M858
628.7446 1988.6000 1 M982
1181.3900 2279.3000 2 M975
1378.9481 6984.4000 3 M816
1995.2145 4488.4000 3 M903
558.2869 2542.8000 1 M970
1346.2957 6388.2000 3 M840
406.2697 6807.4000 3 M826
1367.5043 10372.9000 4 M705
2378.7026 3062.5000 2 M953
927.3987 7851.1000 3 M793
871.3005 13795.0000 3 M592
1483.5001 473.1000 3 M1046
355.0212 9515.5000 3 M739
907.6906 7558.4000 3 M806
1838.7440 1118.1000 3 M1027
1855.9078 4671.4000 2 M907
1979.4015 2937.6000 4 M966
1702.5937 5983.4000 3 M863
1567.7041 3963.8000 2 M932
1656.0628 6031.7000 2 M867
1457.5658 14281.0000 2 M590
535.1098 772.7000 3 M1049
367.3734 4786.2000 1 M914
2201.7483 3447.4000 2 M960
2235.0268 15811.0000 2 M543
1796.7107 13553.0000 1 M620
454.9086 4529.6000 2 M926
437.6210 6775.6000 1 M851
119.1263 1914.7000 4 M1017
1015.5717 9881.5000 2 M747
1358.2034 7219.7000 4 M839
1616.0181 2424.6000 4 M1003
2099.3380 1158.7000 4 M1048
1007.9547 2780.6000 3 M995
706.7947 7288.7000 2 M844
1050.0233 5139.4000 2 M917
3319.9847 4756.6000 3 M935
1673.7804 3778.4000 3 M969
1179.4886 2649.8000 4 M1008
1037.4867 5556.0000 2 M910
2726.1009 6580.7000 1 M876
702.4845 10555.5000 2 M741
378.0293 2433.7000 3 M1018
1728.6730 13672.4000 1 M637
1108.7526 1962.7000 1 M1036
437.6259 8911.2000 4 M800
1462.4832 1035.3000 3 M1068
242.4808 5663.2000 1 M913
1447.6795 2369.9000 3 M1025
738.1755 5390.1000 4 M923
1524.5268 3942.2000 3 M977
746.1927 4340.6000 1 M963
1228.6585 5157.9000 3 M936
378.3067 2464.4000 4 M1029
1545.4456 1801.3000 2 M1052
2224.7578 2985.7000 2 M1013
893.7345 2876.9000 2 M1019
1278.4703 17285.9000 3 M533
557.9128 816.1000 2 M1091
606.8348 6856.1000 3 M888
1537.6661 14948.6000 2 M615
2417.0954 3644.1000 3 M998
944.7098 2940.6000 3 M1022
479.9975 4038.7000 2 M985
1981.3425 1613.2000 2 M1067
1495.5466 1796.2000 1 M1062
513.7828 2611.9000 3 M1035
2351.1746 1453.6000 3 M1075
1231.9782 1912.4000 3 M1060
371.9389 772.6000 3 M1099
1015.9588 2692.3000 2 M1038
278.0165 1506.5000 2 M1080
1108.5005 2704.5000 4 M1040
894.3120 8108.0000 3 M857
2877.9666 3546.6000 1 M1012
1520.2007 4209.5000 3 M991
1237.8078 12931.5000 2 M694
317.9650 10313.0000 4 M783
3689.1867 4782.7000 2 M972
2425.1986 5606.5000 2 M944
717.7145 1321.3000 3 M1090
719.8115 5818.7000 2 M938
954.6120 5172.0000 2 M961
2501.8171 5600.8000 2 M947
2792.0026 1788.6000 2 M1077
939.9979 5271.0000 2 M962
1586.0469 5446.0000 2 M956
585.7848 2026.9000 4 M1073
1382.3045 6782.1000 2 M912
1549.9520 9224.0000 1 M830
889.3682 4689.5000 2 M984
1644.9804 10311.0000 1 M796
1764.6089 2846.5000 4 M1050
1031.4554 2399.2000 2 M1065
810.7723 463.5000 2 M1132
248.5110 3416.8000 4 M1033
2991.4989 11637.2000 3 M754
2444.1866 5979.9000 1 M946
1380.5524 2313.0000 2 M1071
926.5877 11151.5000 3 M773
925.7041 669.6000 1 M1129
479.1500 6021.8000 2 M948
1086.4276 2285.7000 4 M1076
216.5267 1021.1000 2 M1119
1194.5032 6710.1000 3 M927
2673.1930 4372.1000 2 M1007
1393.8002 4787.1000 3 M994
2552.8954 15276.4000 2 M638
351.0297 2427.3000 4 M1074
131.4608 14342.1000 2 M670
1301.0320 3685.0000 3 M1032
558.9018 13820.7000 2 M688
505.2550 11122.3000 2 M779
683.2531 2147.7000 2 M1084
719.5940 5413.5000 3 M974
3539.2316 3043.7000 2 M1055
1360.7795 5275.8000 2 M980
196.4631 6399.7000 1 M942
1833.6908 15097.9000 4 M648
770.7817 17728.5000 2 M561
778.3559 384.7000 3 M1148
901.9521 3788.7000 2 M1034
1879.0742 10218.6000 2 M819
1004.8462 9407.7000 2 M847
1682.3713 3224.6000 4 M1057
2898.2235 6973.4000 3 M931
488.1070 1240.9000 1 M1127
461.6654 430.3000 1 M1156
931.9159 14497.5000 3 M680
1524.5735 6874.2000 3 M939
895.3526 5428.8000 1 M989
591.0229 10487.2000 2 M818
1158.7315 707.5000 1 M1150
2044.0002 8538.6000 3 M886
1792.6167 3200.7000 3 M1070
49.5052 1203.7000 3 M1139
1518.6731 9615.7000 4 M856
1109.9864 9038.4000 4 M878
958.5546 3744.3000 3 M1058
2334.3688 5798.1000 3 M990
1258.4935 837.5000 1 M1159
241.2961 1225.0000 1 M1146
1074.0426 7422.2000 2 M937
1466.7812 5952.3000 3 M988
491.9601 3058.7000 1 M1086
2226.3226 9299.6000 3 M875
635.7689 5876.1000 2 M993
2199.4296 4844.0000 4 M1028
1180.6881 9300.4000 3 M877
687.0102 10829.2000 3 M828
212.4815 134.9000 1 M1192
800.0844 7280.7000 2 M949
2098.6745 1234.4000 4 M1158
270.3753 16362.6000 2 M646
703.3926 5685.7000 3 M1011
1158.5499 1455.8000 3 M1155
820.3158 2190.4000 3 M1130
1751.5791 6717.1000 3 M978
1067.0386 8455.4000 4 M919
1465.2453 1331.8000 2 M1164
930.5863 5319.0000 3 M1030
198.4567 1960.8000 2 M1144
580.4340 8285.7000 3 M933
176.7587 2139.2000 2 M1143
1627.2774 1636.1000 2 M1162
2397.7616 2479.9000 3 M1134
1144.7497 5312.1000 2 M1042
2354.5147 4113.9000 4 M1083
505.6823 1516.0000 3 M1174
278.1582 2924.1000 2 M1126
640.4785 9335.3000 3 M909
1795.4763 10085.2000 3 M885
1421.2580 3249.7000 3 M1118
970.8388 3582.0000 3 M1107
2488.7725 6528.7000 4 M1009
1050.1364 2372.1000 4 M1149
1773.6171 3126.3000 1 M1124
1407.0594 11580.1000 3 M841
1977.1439 1369.0000 2 M1187
476.1518 991.5000 3 M1202
1943.1672 2003.2000 1 M1167
1582.3620 3602.3000 1 M1113
2063.1443 2584.5000 3 M1147
1206.5606 481.3000 2 M1220
2463.4442 17043.2000 2 M660
1567.6110 3630.2000 3 M1116
1716.3127 988.9000 2 M1208
1535.9336 5182.1000 3 M1066
1445.0407 1695.4000 3 M1184
1083.2779 3768.0000 2 M1114
1245.5376 6898.9000 2 M1010
1357.9549 4389.5000 3 M1096
704.3079 5378.0000 4 M1063
499.6117 11834.3000 3 M846
299.8910 6713.3000 1 M1021
345.3836 4240.2000 4 M1106
689.1682 11847.6000 2 M849
3488.9936 10214.3000 2 M906
995.4070 4503.8000 2 M1104
1625.5729 11472.0000 2 M868
1271.6539 15634.8000 2 M730
535.1314 14869.9000 3 M756
230.5085 1436.2000 3 M1214
912.0549 5544.7000 2 M1078
1345.7105 7746.6000 2 M1004
1716.4837 10993.9000 2 M896
1502.0090 3805.5000 2 M1140
809.6039 2853.3000 4 M1179
325.6660 1342.8000 3 M1231
1514.9578 5434.8000 4 M1092
1065.1055 12062.4000 2 M870
1658.2765 2184.1000 3 M1206
215.8215 1799.1000 3 M1219
1252.3783 5470.8000 4 M1094
1792.9910 3685.0000 3 M1157
1051.1988 753.6000 2 M1257
189.2044 6752.9000 2 M1054
1007.7139 16613.7000 2 M719
2072.0566 5886.5000 2 M1085
2477.0825 1766.9000 2 M1227
1388.4571 2737.7000 2 M1195
1380.9737 7911.1000 3 M1020
1195.9702 2885.2000 4 M1190
648.3054 1130.6000 2 M1251
589.3241 5933.0000 2 M1088
761.7391 1350.0000 3 M1245
1993.5523 2602.6000 1 M1203
564.9895 3149.8000 2 M1185
2288.2705 3130.7000 3 M1188
1231.5958 4541.4000 3 M1142
943.2267 5921.1000 4 M1098
1769.0370 14104.2000 2 M824
1213.1318 3997.7000 3 M1168
1016.4207 1026.0000 2 M1272
1866.0801 9497.9000 2 M987
2607.4841 2055.3000 3 M1239
2042.3243 1803.6000 2 M1248
1296.3174 8979.9000 1 M1005
2555.1445 1781.6000 3 M1250
418.2173 2898.0000 4 M1213
1341.7227 13610.4000 1 M850
210.7526 2622.6000 3 M1223
1246.0559 3582.2000 2 M1191
1415.2555 4409.8000 4 M1163
1607.9434 8857.0000 2 M1016
1984.1415 5450.9000 2 M1131
1685.4791 2094.6000 3 M1246
1810.0158 5167.9000 4 M1141
1565.9723 14379.5000 3 M834
1955.4001 8388.4000 2 M1039
1401.2809 8300.9000 4 M1043
1027.9205 1995.3000 1 M1259
830.4692 3279.9000 3 M1218
1774.0093 10761.3000 4 M964
2336.2633 7424.2000 4 M1081
933.9651 8192.6000 3 M1056
1139.3088 5857.3000 1 M1136
1274.3790 7116.8000 2 M1095
1349.3086 8046.5000 4 M1064
1711.4252 7819.7000 2 M1072
1377.1155 1657.4000 2 M1281
817.2952 2575.9000 3 M1252
193.8053 16813.8000 1 M769
771.8681 4035.0000 2 M1205
796.7684 1204.1000 3 M1300
865.7778 1059.6000 1 M1307
2622.2994 5263.4000 2 M1165
1315.8966 13684.9000 3 M880
471.3595 9997.3000 1 M1006
2259.0523 14877.8000 1 M842
652.6277 9568.4000 2 M1023
505.3099 401.1000 2 M1333
1016.3056 565.8000 2 M1328
687.1839 16537.4000 3 M787
1891.7565 4490.3000 1 M1199
348.3011 215.8000 1 M1343
547.6794 13891.5000 2 M881
1009.0145 1283.8000 2 M1310
64.7680 13700.9000 2 M892
1359.0933 1965.3000 4 M1290
462.3229 662.3000 2 M1334
2945.8786 2507.2000 4 M1273
2166.7790 2696.3000 4 M1267
1731.9781 1312.2000 2 M1319
1481.6229 729.3000 2 M1339
1132.7440 4988.4000 4 M1197
666.8006 5622.6000 3 M1176
2057.1314 7295.3000 3 M1120
1027.4866 1256.7000 1 M1330
1509.6726 7446.0000 1 M1121
1281.9920 13395.4000 1 M920
1570.4488 5551.9000 3 M1186
1670.9347 4343.3000 4 M1228
2697.7051 749.2000 2 M1348
647.9498 518.3000 4 M1356
1776.5277 1248.5000 2 M1332
2095.2246 1539.8000 3 M1324
1188.1160 10374.9000 2 M1026
1099.3569 7052.0000 4 M1138
2072.0193 2479.8000 2 M1295
1698.6282 3904.5000 3 M1249
1241.7105 3094.6000 4 M1280
1137.6537 14492.2000 2 M894
1649.7303 6032.4000 3 M1182
236.3431 6956.5000 2 M1152
2184.1951 11575.0000 3 M997
2004.7871 12074.7000 3 M981
2661.6343 12716.5000 2 M959
1672.9658 10219.8000 2 M1045
1195.4804 8470.9000 4 M1109
1540.1039 6398.3000 4 M1180
1396.7044 10522.6000 2 M1041
1282.1789 4965.5000 3 M1233
1242.9936 2199.1000 2 M1326
1757.4112 3206.0000 2 M1293
2105.2154 3784.5000 3 M1274
462.2874 8634.5000 1 M1111
275.1098 11033.7000 3 M1031
1556.4927 1208.4000 1 M1369
224.7884 4133.2000 1 M1271
865.7001 3370.6000 4 M1297
849.3821 1707.0000 1 M1353
2085.5756 2817.8000 3 M1316
2664.1643 3723.4000 2 M1286
366.8480 3037.4000 2 M1311
885.7036 3291.7000 3 M1303
1218.0778 6116.3000 1 M1209
1688.7940 3694.2000 2 M1292
1589.3292 16905.4000 2 M845
1335.5567 5985.7000 2 M1217
1081.4862 912.3000 1 M1387
514.7343 5297.2000 3 M1242
1046.9295 5165.4000 4 M1247
1161.9752 2250.8000 1 M1350
1438.6135 9400.0000 3 M1110
1378.5178 7760.9000 1 M1166
914.6054 4889.8000 3 M1266
1688.7479 5919.1000 2 M1232
1795.1594 6589.4000 3 M1210
1863.0633 17718.7000 1 M833
375.4808 6600.0000 3 M1211
1213.5761 12933.6000 2 M996
1279.4899 2740.3000 1 M1342
1573.6557 13804.1000 3 M968
974.1983 1921.3000 1 M1371
1263.6756 5850.4000 1 M1240
1069.9553 2139.9000 2 M1367
2349.5378 15766.6000 1 M908
2595.5222 2112.3000 4 M1370
1364.3361 12383.5000 4 M1024
3111.2239 9381.4000 3 M1125
1173.0029 2094.4000 1 M1372
1011.0657 6200.4000 2 M1235
989.2109 5626.9000 4 M1255
895.8988 10740.9000 3 M1082
576.2001 4783.0000 2 M1285
1567.3772 9249.2000 1 M1135
1152.0908 4773.2000 2 M1289
1575.6050 8243.5000 2 M1173
145.5483 5984.6000 3 M1253
440.2554 5468.3000 2 M1270
2473.0898 8938.9000 4 M1153
1003.7193 2736.6000 2 M1362
2886.9601 7249.8000 1 M1212
1725.5331 8150.4000 4 M1183
2829.8971 3636.0000 3 M1336
552.1199 249.4000 3 M1451
2357.0575 5240.2000 2 M1283
1328.1404 -1.0000 -1 M1378
1946.3004 -1.0000 -1 M1137
1218.0205 -1.0000 -1 M1258
1035.8562 -1.0000 -1 M1379
772.9138 -1.0000 -1 M673
1814.0916 -1.0000 -1 M679
1077.0607 -1.0000 -1 M1374
2206.0300 -1.0000 -1 M1133
947.3578 -1.0000 -1 M1254
1088.5134 -1.0000 -1 M1375
2078.3905 -1.0000 -1 M1376
2394.9633 -1.0000 -1 M1256
980.9172 -1.0000 -1 M1377
2192.9074 -1.0000 -1 M1373
1617.6870 -1.0000 -1 M664
1726.0328 -1.0000 -1 M1268
770.2754 -1.0000 -1 M1389
1522.2053 -1.0000 -1 M90
947.2427 -1.0000 -1 M421
1554.1771 -1.0000 -1 M1269
1990.9452 -1.0000 -1 M665
483.4107 -1.0000 -1 M1380
438.7524 -1.0000 -1 M1264
2557.4204 -1.0000 -1 M1385
1574.7686 -1.0000 -1 M1265
1482.6094 -1.0000 -1 M1386
1007.4716 -1.0000 -1 M1145
309.6527 -1.0000 -1 M1388
1661.4527 -1.0000 -1 M1260
486.9915 -1.0000 -1 M1381
1959.7365 -1.0000 -1 M1261
1152.3553 -1.0000 -1 M1382
958.5255 -1.0000 -1 M1262
630.9767 -1.0000 -1 M1383
1124.2822 -1.0000 -1 M1263
1297.9311 -1.0000 -1 M1384
737.1623 -1.0000 -1 M454
2152.3709 -1.0000 -1 M1115
655.5583 -1.0000 -1 M1236
610.4967 -1.0000 -1 M1357
2568.5118 -1.0000 -1 M1237
2512.2645 -1.0000 -1 M1358
2232.5455 -1.0000 -1 M1117
1851.5959 -1.0000 -1 M1238
2649.4965 -1.0000 -1 M1359
1134.5681 -1.0000 -1 M338
2189.2734 -1.0000 -1 M579
1382.6550 -1.0000 -1 M1352
665.1399 -1.0000 -1 M1112
995.4997 -1.0000 -1 M1354
1544.8239 -1.0000 -1 M1234
736.2792 -1.0000 -1 M1355
1407.3356 -1.0000 -1 M1230
1023.7225 -1.0000 -1 M1351
359.3369 -1.0000 -1 M686
587.8365 -1.0000 -1 M1368
2515.0547 -1.0000 -1 M200
117.7506 -1.0000 -1 M1128
869.9716 -1.0000 -1 M205
2014.5202 -1.0000 -1 M689
597.7728 -1.0000 -1 M207
909.0925 -1.0000 -1 M1000
1151.4018 -1.0000 -1 M1363
136.5037 -1.0000 -1 M1001
1928.3119 -1.0000 -1 M1122
945.3615 -1.0000 -1 M1243
1464.2454 -1.0000 -1 M1364
2027.8600 -1.0000 -1 M1002
436.0430 -1.0000 -1 M1123
1315.1986 -1.0000 -1 M1244
1903.9591 -1.0000 -1 M1365
1566.3518 -1.0000 -1 M1366
3104.1494 -1.0000 -1 M1360
1735.8206 -1.0000 -1 M1361
412.6547 -1.0000 -1 M1241
1716.4833 -1.0000 -1 M231
1337.9900 -1.0000 -1 M594
1079.9287 -1.0000 -1 M114
974.4013 -1.0000 -1 M1059
773.8291 -1.0000 -1 M359
2067.2552 -1.0000 -1 M1170
1763.8033 -1.0000 -1 M1291
2299.9058 -1.0000 -1 M1171
218.0006 -1.0000 -1 M1177
1268.4654 -1.0000 -1 M1298
339.3936 -1.0000 -1 M1178
1507.0179 -1.0000 -1 M1299
882.1753 -1.0000 -1 M1051
2203.7980 -1.0000 -1 M1172
802.0317 -1.0000 -1 M1294
668.2571 -1.0000 -1 M1053
498.1728 -1.0000 -1 M1175
165.0903 -1.0000 -1 M1296
449.6473 -1.0000 -1 M343
869.6803 -1.0000 -1 M227
1369.9849 -1.0000 -1 M469
1657.2363 -1.0000 -1 M588
1001.8839 -1.0000 -1 M1181
1109.6939 -1.0000 -1 M904
1450.5286 -1.0000 -1 M1061
1833.9142 -1.0000 -1 M1189
1075.3706 -1.0000 -1 M1069
1795.1111 -1.0000 -1 M257
1694.5086 -1.0000 -1 M1037
2291.9902 -1.0000 -1 M1279
1258.3709 -1.0000 -1 M134
1620.4468 -1.0000 -1 M254
750.7567 -1.0000 -1 M815
1484.5586 -1.0000 -1 M1390
1829.1830 -1.0000 -1 M1391
2576.7673 -1.0000 -1 M1154
945.0483 -1.0000 -1 M1275
183.3675 -1.0000 -1 M1396
1466.1178 -1.0000 -1 M1276
2264.8677 -1.0000 -1 M1397
997.0913 -1.0000 -1 M1277
1659.8850 -1.0000 -1 M1398
1270.6938 -1.0000 -1 M1278
1406.3770 -1.0000 -1 M1399
1198.8237 -1.0000 -1 M1392
398.6065 -1.0000 -1 M1151
303.9732 -1.0000 -1 M1393
1037.2298 -1.0000 -1 M1394
2046.7884 -1.0000 -1 M1395
2707.8028 -1.0000 -1 M1169
1104.9596 -1.0000 -1 M124
496.5792 -1.0000 -1 M369
272.6615 -1.0000 -1 M925
1431.4193 -1.0000 -1 M929
1558.4894 -1.0000 -1 M928
2424.0273 -1.0000 -1 M1160
1209.3985 -1.0000 -1 M1044
1965.6562 -1.0000 -1 M1287
620.9190 -1.0000 -1 M1288
567.2099 -1.0000 -1 M1047
1766.3013 -1.0000 -1 M1161
628.2738 -1.0000 -1 M1282
1537.5721 -1.0000 -1 M1284
1721.2598 -1.0000 -1 M154
1078.4347 -1.0000 -1 M1415
718.3275 -1.0000 -1 M395
1245.8762 -1.0000 -1 M1416
1065.9703 -1.0000 -1 M1417
1004.6270 -1.0000 -1 M1418
848.3313 -1.0000 -1 M279
994.2563 -1.0000 -1 M1411
292.0788 -1.0000 -1 M1412
1687.3992 -1.0000 -1 M156
2294.5621 -1.0000 -1 M1413
1303.4205 -1.0000 -1 M1414
439.7235 -1.0000 -1 M951
1987.5192 -1.0000 -1 M1419
895.3475 -1.0000 -1 M957
2111.6317 -1.0000 -1 M714
990.9686 -1.0000 -1 M955
1152.3556 -1.0000 -1 M1093
720.9429 -1.0000 -1 M1410
1165.9464 -1.0000 -1 M1097
580.4428 -1.0000 -1 M1305
1845.4930 -1.0000 -1 M1426
561.5308 -1.0000 -1 M1306
535.3341 -1.0000 -1 M1427
1010.4648 -1.0000 -1 M1428
979.5157 -1.0000 -1 M382
1674.9731 -1.0000 -1 M1308
1469.8680 -1.0000 -1 M1429
1070.6683 -1.0000 -1 M1301
1205.8464 -1.0000 -1 M1422
375.5266 -1.0000 -1 M1302
1248.5302 -1.0000 -1 M1423
955.5159 -1.0000 -1 M266
1695.1360 -1.0000 -1 M1424
1277.5096 -1.0000 -1 M1304
715.3242 -1.0000 -1 M1425
865.9838 -1.0000 -1 M943
1563.6497 -1.0000 -1 M820
2265.1615 -1.0000 -1 M941
890.8151 -1.0000 -1 M940
594.5314 -1.0000 -1 M1309
1020.2917 -1.0000 -1 M825
2796.3961 -1.0000 -1 M703
3032.9382 -1.0000 -1 M1420
687.2418 -1.0000 -1 M1421
1116.5362 -1.0000 -1 M855
1004.3488 -1.0000 -1 M976
266.7167 -1.0000 -1 M22
1299.1987 -1.0000 -1 M859
2036.4175 -1.0000 -1 M735
1376.6202 -1.0000 -1 M1193
1363.4266 -1.0000 -1 M1198
1195.3618 -1.0000 -1 M1079
1049.7398 -1.0000 -1 M1194
549.1757 -1.0000 -1 M1196
1430.5220 -1.0000 -1 M1404
704.6885 -1.0000 -1 M1405
2609.5322 -1.0000 -1 M1406
1057.0613 -1.0000 -1 M1407
1088.4940 -1.0000 -1 M1400
1834.2509 -1.0000 -1 M1401
1274.1170 -1.0000 -1 M1402
1749.0644 -1.0000 -1 M1403
1243.8349 -1.0000 -1 M1408
2105.4361 -1.0000 -1 M1409
2444.5304 -1.0000 -1 M967
968.6250 -1.0000 -1 M1089
2098.6102 -1.0000 -1 M1087
445.1376 -1.0000 -1 M1338
1111.6165 -1.0000 -1 M1459
1328.0111 -1.0000 -1 M1455
952.2796 -1.0000 -1 M1335
1507.4327 -1.0000 -1 M1456
2570.6083 -1.0000 -1 M1215
3363.7988 -1.0000 -1 M1457
833.1780 -1.0000 -1 M1216
2380.0389 -1.0000 -1 M1337
2202.4993 -1.0000 -1 M1458
1310.0445 -1.0000 -1 M42
509.8588 -1.0000 -1 M43
1627.4486 -1.0000 -1 M1331
915.1503 -1.0000 -1 M1452
1414.3586 -1.0000 -1 M1453
475.4302 -1.0000 -1 M1454
1569.9798 -1.0000 -1 M1450
1708.5148 -1.0000 -1 M1349
1878.9566 -1.0000 -1 M1108
2879.6655 -1.0000 -1 M1229
1405.1468 -1.0000 -1 M1103
1844.2830 -1.0000 -1 M1224
1131.6826 -1.0000 -1 M1345
1233.4644 -1.0000 -1 M1225
662.6788 -1.0000 -1 M1346
540.3603 -1.0000 -1 M860
1902.6716 -1.0000 -1 M1105
2226.3363 -1.0000 -1 M1226
1020.7896 -1.0000 -1 M1347
1254.2331 -1.0000 -1 M51
1916.4717 -1.0000 -1 M744
1478.4883 -1.0000 -1 M865
1930.3759 -1.0000 -1 M1341
1050.1905 -1.0000 -1 M1100
1176.6425 -1.0000 -1 M1221
1540.9640 -1.0000 -1 M1101
1445.3758 -1.0000 -1 M1222
1992.5215 -1.0000 -1 M1102
1710.1082 -1.0000 -1 M1344
865.6283 -1.0000 -1 M194
201.7899 -1.0000 -1 M1460
260.4374 -1.0000 -1 M1340
1922.1969 -1.0000 -1 M1461
1113.6912 -1.0000 -1 M1437
795.7190 -1.0000 -1 M1317
1072.2158 -1.0000 -1 M1438
1624.0088 -1.0000 -1 M1318
700.4043 -1.0000 -1 M1439
976.7471 -1.0000 -1 M1312
1458.2073 -1.0000 -1 M1433
1289.8303 -1.0000 -1 M531
543.6453 -1.0000 -1 M1313
3070.3746 -1.0000 -1 M1434
1294.4949 -1.0000 -1 M60
2207.0568 -1.0000 -1 M1314
2923.1624 -1.0000 -1 M1435
1048.1152 -1.0000 -1 M771
948.9607 -1.0000 -1 M1315
1481.1396 -1.0000 -1 M1436
1887.9318 -1.0000 -1 M1430
2525.0038 -1.0000 -1 M1431
898.4022 -1.0000 -1 M1432
1166.1609 -1.0000 -1 M1327
835.0356 -1.0000 -1 M1448
842.8544 -1.0000 -1 M1207
1014.4369 -1.0000 -1 M1449
752.7040 -1.0000 -1 M1329
1674.6367 -1.0000 -1 M1323
1205.3034 -1.0000 -1 M1444
2743.1799 -1.0000 -1 M1445
1662.6563 -1.0000 -1 M1204
541.0084 -1.0000 -1 M1325
1915.3460 -1.0000 -1 M1446
632.1312 -1.0000 -1 M1447
1886.0604 -1.0000 -1 M645
1671.2625 -1.0000 -1 M764
1295.8326 -1.0000 -1 M526
1545.4472 -1.0000 -1 M1440
1814.6933 -1.0000 -1 M1320
756.9452 -1.0000 -1 M1441
779.2471 -1.0000 -1 M1200
622.6198 -1.0000 -1 M1321
1258.3508 -1.0000 -1 M1442
1532.3252 -1.0000 -1 M1201
2464.1571 -1.0000 -1 M1322
205.0894 -1.0000 -1 M1443
