# Scenario default_scenario
# distance at msg send, delivery time, hop count, MSG_ID
499.8419 1041.1000 2 M1
586.6078 389.2000 4 M24
1201.5579 1102.4000 4 M6
1999.7684 926.9000 1 M14
2378.1763 680.5000 1 M29
1996.9244 1497.3000 4 M4
725.2159 190.7000 1 M48
1008.5688 1511.3000 2 M12
1990.5244 1250.6000 3 M25
467.1292 1281.2000 9 M26
1809.7969 1447.0000 3 M21
807.7394 873.6000 2 M44
1791.5431 2013.6000 8 M9
1056.6837 1803.2000 3 M17
1270.1652 2100.7000 5 M7
1931.2118 513.1000 1 M68
1718.5182 1481.8000 1 M40
2624.1208 787.1000 1 M63
2700.9131 2171.9000 5 M18
1057.4045 188.8000 1 M88
427.2275 2592.3000 5 M10
266.7167 2555.7000 2 M22
1468.3710 2945.2000 7 M13
1459.1181 3028.5000 4 M11
1482.9997 2256.9000 2 M38
1014.8917 2140.4000 1 M45
1727.5371 2914.9000 6 M28
1864.2548 927.5000 2 M97
1039.1629 3409.2000 6 M15
903.4994 3285.6000 4 M19
1172.6079 3660.8000 4 M8
1496.4540 2880.1000 5 M36
991.6873 3280.0000 4 M23
605.1599 2553.3000 2 M57
1790.2074 2002.8000 1 M80
2477.5054 4256.9000 3 M5
2332.3036 3248.8000 3 M39
902.2949 2977.1000 2 M49
2703.2672 2734.0000 3 M61
1421.5209 2444.5000 5 M71
1036.9401 4016.3000 3 M20
1804.0495 3224.1000 2 M46
2505.6009 4518.2000 7 M3
1787.1922 2514.2000 1 M70
1079.8185 4177.3000 4 M16
802.9853 3435.1000 4 M41
509.8588 3374.3000 4 M43
2726.0679 2545.1000 2 M73
1294.9656 2618.3000 5 M79
997.5595 496.7000 1 M152
1184.3010 1889.7000 4 M105
1557.6172 4000.8000 3 M35
2060.1464 1076.0000 2 M133
2266.0603 2250.5000 5 M93
828.7706 3371.9000 2 M58
872.6668 2560.6000 4 M89
455.0786 2817.6000 2 M81
809.8196 3490.3000 1 M64
421.4098 2825.9000 5 M87
963.0552 3152.1000 3 M82
1514.7911 3944.7000 1 M59
2036.4468 3723.9000 3 M67
1206.8033 2256.1000 3 M117
773.2206 4920.5000 7 M34
703.2010 4030.8000 5 M65
1788.3089 4525.7000 2 M52
2621.1266 3089.7000 4 M108
1169.6544 3183.7000 1 M106
1152.4173 3252.1000 3 M104
1324.3441 1359.4000 2 M169
1845.6299 5689.6000 5 M27
819.9124 3210.3000 2 M113
1009.2942 2317.1000 1 M144
2695.5946 1722.4000 1 M167
168.5199 2491.4000 1 M141
375.1241 256.0000 1 M217
395.1936 4525.3000 1 M75
1426.0410 3337.0000 2 M116
1051.1016 4720.5000 2 M72
233.5752 3970.2000 2 M98
884.3287 4985.0000 5 M66
935.6088 4133.5000 3 M95
2072.8754 3099.6000 1 M131
1254.2331 5478.7000 4 M51
3398.5235 2997.4000 3 M136
1180.6881 4281.3000 1 M94
875.7698 1690.1000 2 M190
577.5483 5729.8000 3 M55
1079.9287 4028.1000 4 M114
744.3345 3119.4000 1 M146
1562.2423 4170.4000 4 M112
926.6074 1029.8000 1 M219
1589.1283 3980.1000 1 M120
1584.5606 5996.8000 2 M53
1656.2653 2928.1000 2 M158
2175.8840 4669.9000 3 M103
1453.1478 6841.9000 2 M31
1543.3539 2599.2000 2 M176
636.4099 5786.7000 3 M69
773.4352 2347.1000 2 M191
1781.4615 1300.9000 1 M228
1406.1410 6998.0000 3 M37
1664.5643 3456.8000 1 M159
1115.0248 3775.4000 2 M153
1681.3792 2983.4000 2 M181
1612.0919 7430.7000 5 M33
1687.5564 2536.6000 1 M199
965.9859 4236.5000 4 M143
1992.7062 2283.6000 2 M210
2849.4059 5953.9000 3 M86
578.8695 4415.6000 3 M138
2609.9802 4663.7000 2 M130
1278.9533 3374.6000 3 M179
946.3287 6265.7000 3 M83
1402.4159 1086.1000 1 M259
1020.9118 4625.3000 2 M140
114.9287 7304.2000 3 M50
1093.5139 4800.5000 4 M135
393.9778 6110.5000 3 M92
1509.7821 3335.8000 1 M187
1548.8742 5293.9000 3 M127
1444.0837 6756.4000 5 M78
711.5045 8270.8000 3 M30
632.2601 1244.3000 1 M267
1581.8553 9254.1000 2 M2
1061.9471 1272.6000 2 M273
2085.8727 1492.4000 2 M269
937.1071 7184.7000 2 M77
1720.6109 3968.2000 3 M192
455.5122 1826.3000 1 M265
545.4849 6050.3000 8 M122
1104.9596 6090.8000 2 M124
1164.6944 3029.0000 2 M230
703.0518 2454.3000 2 M250
2319.9776 6385.8000 1 M118
1913.1439 4210.4000 2 M195
464.7891 1988.3000 3 M274
1523.5393 5335.1000 1 M163
1403.5458 5346.3000 3 M165
762.5931 5074.3000 4 M175
1310.0445 9023.6000 3 M42
502.3690 8547.6000 6 M62
685.3197 6681.0000 6 M125
1067.4017 4129.8000 3 M212
1650.9565 1389.0000 1 M312
1318.7228 2865.5000 1 M261
1175.9590 8438.2000 2 M74
916.3873 609.7000 1 M345
843.8514 4613.9000 2 M209
1294.4949 9031.0000 3 M60
1345.9028 6436.7000 3 M148
1995.0475 2662.2000 1 M277
442.7426 5513.7000 2 M180
1283.8601 5299.3000 2 M189
2013.3748 4026.1000 2 M232
907.7542 192.1000 1 M365
1522.2053 8259.8000 3 M90
1004.8648 6621.7000 4 M147
920.7950 1609.2000 2 M320
1131.3910 8578.3000 4 M84
1221.7050 2302.7000 2 M299
592.1923 5702.1000 1 M185
679.3287 4253.9000 4 M238
1655.8301 4801.7000 1 M220
626.9766 3853.8000 1 M252
1979.8813 1340.6000 1 M341
929.5829 4800.3000 1 M222
1764.7747 555.2000 1 M372
1406.4152 7894.1000 3 M123
2080.8611 7134.7000 3 M151
1927.8841 4342.4000 3 M245
1187.2973 6658.4000 4 M168
2693.6724 7823.5000 4 M128
1422.1888 4691.9000 4 M235
597.7728 5523.3000 2 M207
1050.6344 9174.0000 3 M91
1036.0722 9387.0000 2 M85
561.4443 6865.4000 2 M171
1099.3069 7337.8000 4 M155
612.1182 8507.9000 4 M115
1189.2231 508.4000 1 M389
750.3433 8744.1000 4 M110
1428.4232 1269.7000 1 M367
1107.5893 11134.7000 6 M32
1195.8389 8853.6000 3 M109
1192.1074 827.2000 1 M384
970.0530 4586.4000 1 M256
389.8144 3156.3000 2 M307
1721.2598 7662.0000 3 M154
967.2578 6805.3000 1 M184
737.8317 2467.6000 1 M336
1009.7867 6302.6000 2 M204
576.3885 436.6000 1 M409
545.4489 8050.6000 5 M149
2007.4903 7069.6000 2 M182
1258.9516 9201.4000 2 M111
81.3751 3192.5000 2 M317
214.8959 7667.8000 4 M166
997.4596 3288.4000 1 M316
1092.3914 4239.1000 2 M289
1277.3046 7633.3000 3 M174
2154.7820 4287.5000 2 M291
1197.5073 1796.6000 2 M380
1528.6349 10729.1000 3 M76
548.5273 7213.6000 3 M198
770.1783 1509.4000 1 M394
2674.4224 6839.0000 1 M214
1357.7690 11553.8000 2 M56
1772.4733 8603.3000 2 M157
525.9371 2311.2000 1 M373
2951.4051 7308.3000 1 M202
1435.7962 9541.4000 5 M126
1032.2635 10320.8000 3 M101
970.2888 4647.5000 2 M297
898.7011 6392.7000 2 M240
1068.3706 2856.1000 1 M371
690.7151 1834.7000 1 M407
683.6033 4696.3000 2 M310
1240.1747 5951.5000 3 M272
2132.8688 3753.3000 1 M350
402.3787 11169.6000 4 M96
1919.6026 2255.3000 1 M404
1321.4369 12788.3000 4 M47
1693.5908 11244.9000 2 M99
1909.0592 6877.0000 2 M249
1243.8434 10200.5000 4 M139
1029.1144 9219.9000 3 M173
988.9642 2544.6000 2 M403
191.8922 4954.4000 1 M327
1169.4338 6390.5000 3 M278
895.9542 8905.2000 3 M193
460.4832 163.6000 1 M493
946.6895 7339.9000 2 M248
1202.9534 2110.1000 2 M428
1253.9365 7446.8000 1 M246
671.0626 7623.0000 5 M244
308.8115 8252.6000 2 M233
1924.8812 4351.3000 2 M368
3145.2173 11009.4000 4 M142
1716.9644 3610.3000 1 M397
1904.1839 11307.4000 4 M137
1303.5525 6862.4000 2 M290
2264.2740 8411.3000 3 M237
718.3275 3825.4000 2 M395
1191.1650 5246.5000 3 M347
1030.8999 5952.6000 1 M324
567.4471 9333.3000 3 M208
880.3988 1103.1000 2 M489
543.1847 6098.2000 3 M321
653.9381 10275.4000 3 M183
2254.4540 6347.6000 3 M319
693.3106 10020.3000 4 M201
14.5011 10961.1000 1 M172
1785.7587 10033.8000 1 M206
1151.3949 530.3000 1 M530
1668.3755 11103.1000 2 M177
2022.8218 6708.7000 1 M330
444.7320 5097.5000 2 M386
250.6629 6135.8000 2 M353
443.1301 1010.8000 1 M527
1385.9907 13020.1000 3 M119
279.0200 4741.7000 2 M405
860.3411 8049.4000 1 M293
1830.0598 6090.0000 1 M361
2157.1356 1959.8000 1 M502
2024.5409 3591.7000 1 M449
2210.3120 13755.7000 4 M102
1401.0523 5103.3000 1 M400
496.8662 3379.3000 2 M463
1315.2106 2630.3000 3 M488
1008.6845 1740.2000 1 M519
1919.6505 5436.3000 2 M396
1525.1746 6553.2000 2 M358
1408.0753 532.9000 1 M566
2337.9661 2744.3000 1 M494
1257.6603 3590.7000 2 M472
416.6827 687.5000 1 M569
947.2427 5119.5000 2 M421
1058.2461 8654.7000 3 M301
1431.6354 13739.8000 4 M129
1259.6726 953.1000 1 M565
2273.1170 16078.2000 6 M54
1206.4149 4460.4000 1 M450
958.1418 6385.5000 1 M385
1449.2921 5130.9000 4 M427
2931.1871 13423.0000 3 M145
1525.6299 3056.8000 2 M503
2611.8334 2167.2000 1 M534
1767.3988 5020.9000 1 M439
1449.0622 6550.1000 1 M391
2348.1301 10915.2000 2 M241
1348.7232 13381.3000 5 M160
1245.4319 13106.5000 3 M170
1155.6348 2299.4000 1 M538
1162.9903 310.0000 1 M608
2383.5239 10602.5000 2 M260
817.2147 3166.0000 1 M515
1002.5761 8708.4000 1 M331
908.4728 5596.2000 1 M438
1627.9193 6375.0000 2 M413
165.4774 11216.9000 3 M247
1199.1792 12527.9000 2 M203
1406.8548 13700.8000 4 M164
1099.6555 4538.1000 2 M478
987.0604 3966.4000 1 M504
402.0166 11404.8000 1 M251
1292.3837 2251.6000 1 M577
290.0492 8266.2000 4 M376
1756.3341 6646.7000 1 M431
278.7060 8658.3000 1 M363
870.6714 1073.8000 1 M619
1375.8589 16192.3000 3 M107
1161.4585 5634.1000 2 M470
666.8776 2272.5000 1 M583
1443.7651 10711.5000 2 M303
1698.7766 12678.7000 2 M239
2510.7982 11115.3000 2 M294
1249.7779 15026.6000 4 M162
1707.7366 11541.5000 1 M281
1168.5938 7362.8000 1 M426
1331.4972 2517.4000 3 M593
1542.0212 5129.5000 1 M510
292.9107 3818.7000 2 M554
756.0917 810.0000 1 M656
748.7704 9241.6000 2 M374
947.8869 7809.7000 3 M424
671.3418 1652.1000 1 M631
1009.4818 3119.2000 1 M582
1105.3870 13716.6000 3 M224
472.9383 13947.6000 3 M218
2948.9168 6688.0000 1 M467
1778.1585 9973.1000 1 M357
1656.9220 2645.7000 1 M604
959.6074 14995.0000 3 M186
1166.7974 8374.5000 2 M414
1046.8354 2536.6000 1 M610
2474.1857 6719.8000 1 M471
914.7894 1104.6000 1 M659
714.8437 8299.8000 2 M418
681.3150 5678.7000 4 M508
1444.1134 3440.5000 1 M584
754.7571 4960.1000 2 M535
2846.3119 4266.8000 1 M558
625.5066 5065.6000 1 M532
505.4973 2698.9000 1 M612
600.7937 12039.0000 1 M296
869.9716 14754.3000 3 M205
378.5964 656.8000 1 M684
618.0335 6451.9000 2 M491
1842.9352 9525.8000 1 M388
596.6164 12961.7000 3 M270
902.4292 2893.3000 1 M613
2075.8091 12602.2000 2 M286
1395.1911 5014.3000 2 M544
2328.6168 13033.2000 1 M275
1412.6328 10915.5000 2 M349
644.2047 15931.4000 1 M178
830.7289 676.1000 1 M695
2476.1673 8675.7000 2 M430
1833.6908 2186.8000 4 M648
1038.4976 17455.8000 5 M132
2531.7353 15836.0000 1 M188
1664.0634 12215.2000 2 M314
449.6473 11386.6000 2 M343
1183.4563 2723.6000 3 M635
1645.6467 14052.6000 3 M255
1648.9498 10514.6000 4 M381
1003.1763 9482.2000 1 M422
1457.5658 4532.5000 2 M590
674.3157 3919.3000 2 M616
1623.2522 10244.5000 1 M406
937.5069 7459.3000 2 M501
1641.5884 13742.6000 1 M288
9.9172 15958.2000 4 M213
1030.9333 5498.9000 2 M570
349.7120 1343.3000 1 M711
1654.1242 10323.7000 3 M410
772.6969 7124.4000 3 M518
2351.0665 6408.7000 1 M542
702.1129 10053.5000 4 M420
1003.2825 8266.5000 1 M483
2457.1375 15355.6000 1 M242
1686.7168 1858.3000 2 M701
1219.4122 7390.1000 1 M517
1306.7157 8672.7000 4 M475
869.6803 15925.5000 5 M227
332.9162 9121.3000 2 M461
2454.6552 4189.9000 2 M627
2942.9428 5141.4000 3 M595
803.2995 9305.1000 2 M458
630.4497 10041.2000 3 M436
738.0058 12826.2000 6 M342
1572.6023 9275.4000 1 M465
1010.1475 14538.8000 3 M285
1378.5456 5890.6000 2 M578
2202.9439 6222.6000 2 M567
1005.8591 9086.0000 1 M473
186.4546 4156.9000 1 M639
1371.2409 9771.5000 2 M452
441.3392 1723.6000 2 M723
1253.8656 9031.3000 2 M481
751.0700 5878.5000 2 M587
1183.8839 14931.6000 2 M282
855.5452 14266.6000 1 M306
510.4106 11085.6000 1 M415
504.7937 14814.7000 2 M287
1060.3338 5665.8000 3 M599
217.2924 9704.6000 3 M466
1506.5987 3210.7000 1 M683
1601.6066 9940.7000 2 M459
1009.1203 2948.5000 1 M693
1000.3666 5204.7000 2 M618
1322.2354 9283.8000 2 M482
776.6241 1402.5000 1 M746
308.3679 103.7000 1 M792
1653.3659 3556.0000 2 M675
2098.1098 14261.2000 5 M315
1742.3782 8078.7000 1 M525
1835.3094 4324.8000 1 M651
1953.3267 16968.5000 6 M223
1209.0203 11342.9000 3 M417
743.2849 2988.2000 1 M697
1230.0943 13149.0000 3 M356
2671.5242 8220.2000 4 M523
1057.1959 2201.5000 2 M725
790.3987 13579.6000 1 M344
1346.6733 12677.7000 4 M375
1362.3061 14657.6000 2 M308
1132.8939 15548.1000 2 M280
616.5816 9814.6000 1 M477
1728.6730 5014.0000 3 M637
1099.9594 3724.7000 3 M682
531.1272 958.8000 1 M778
1282.1254 7202.4000 3 M571
2483.6739 4046.7000 1 M677
1849.5703 4896.4000 2 M649
1646.1167 14273.7000 3 M334
2449.9566 16299.9000 3 M264
1911.7064 4809.8000 2 M655
1352.1558 13563.2000 5 M362
2067.8426 13084.7000 3 M379
2107.9446 14857.2000 2 M318
1597.5267 12537.6000 3 M398
1682.2923 9753.8000 1 M492
1036.7486 13664.3000 2 M360
1441.1961 16134.9000 4 M276
2426.9430 5379.4000 3 M640
1378.4660 6694.4000 1 M600
1828.5291 8192.3000 2 M551
1713.0161 1569.5000 1 M774
794.0210 17724.8000 3 M229
696.2033 8063.5000 4 M557
1439.9905 6152.6000 2 M625
2368.2039 7705.7000 1 M573
2022.2106 4621.7000 2 M678
1110.4092 15166.9000 4 M323
340.3759 2837.5000 1 M740
773.8291 14198.0000 3 M359
996.4368 6191.6000 2 M628
1386.1473 15178.0000 3 M329
411.9832 5048.0000 1 M671
889.9554 7002.2000 1 M607
2105.8904 9089.4000 1 M539
1681.3007 8692.6000 1 M552
696.2216 6254.0000 1 M636
651.6468 13079.9000 4 M408
1966.6632 2722.9000 2 M757
1603.2442 3504.8000 1 M731
1339.9176 16302.4000 3 M300
1585.7356 14752.7000 3 M354
1252.7978 10297.2000 2 M505
876.2620 17538.5000 3 M258
2465.1995 5976.8000 1 M650
897.2841 8999.2000 1 M549
1628.1002 1849.2000 1 M790
1087.7912 10651.9000 3 M495
831.6618 3584.2000 2 M732
1179.3117 10531.6000 4 M499
1763.1909 4843.7000 3 M690
535.7786 11196.6000 3 M479
594.4385 8905.0000 2 M555
844.0215 10636.6000 4 M498
1255.8699 3476.3000 1 M738
2463.1685 7683.8000 1 M598
101.5153 222.5000 1 M852
2466.2835 10364.9000 1 M512
1137.9750 3168.8000 1 M753
508.5860 14116.1000 2 M387
770.7817 8953.0000 3 M561
2001.1306 12439.8000 1 M445
839.9561 3567.6000 1 M748
1537.5541 10281.9000 2 M524
1352.7800 2154.1000 1 M798
637.8016 2706.5000 1 M780
2463.4442 6300.1000 2 M660
2117.0589 7230.2000 3 M630
1444.3936 9961.7000 1 M540
2390.8104 16773.5000 2 M311
1335.0987 2518.7000 2 M794
143.4451 4658.1000 1 M722
586.8845 6483.6000 3 M661
1803.4167 13304.2000 1 M435
440.6077 13484.2000 1 M433
811.5869 13286.9000 4 M440
1959.5066 9461.7000 2 M568
1657.2363 8988.9000 5 M588
786.8997 6463.9000 2 M674
902.4925 5532.7000 1 M707
1847.6291 4805.1000 2 M733
1006.4620 16665.5000 1 M335
1341.7227 1440.4000 1 M850
2601.0573 10398.4000 2 M547
496.5792 15716.0000 4 M369
541.3991 15125.9000 4 M390
1134.5681 16775.0000 2 M338
1883.3313 5307.7000 1 M728
1554.9969 12717.9000 5 M480
1936.6147 7101.3000 1 M668
638.2506 6990.0000 1 M672
1796.7107 8580.1000 2 M620
573.1984 2917.0000 2 M812
1319.5282 8528.1000 2 M624
522.0427 16277.9000 2 M364
1728.8668 4858.7000 2 M749
116.0234 3461.8000 4 M797
1590.5526 8348.9000 4 M632
1143.1355 8698.7000 4 M622
755.9447 11899.8000 5 M520
1886.0604 8155.6000 4 M645
1916.4717 5266.2000 2 M744
193.0665 1729.3000 1 M866
937.9630 4013.3000 2 M788
1845.7075 4807.0000 1 M761
605.0368 11271.8000 3 M545
1572.6754 11054.4000 2 M553
1359.0390 17756.2000 5 M328
879.5425 17488.8000 3 M340
842.4078 16768.0000 2 M366
608.0812 3063.4000 2 M829
1481.8673 15351.4000 1 M416
1582.7164 8611.5000 3 M643
1303.4922 11029.8000 6 M563
850.0217 11425.3000 4 M550
138.9674 5765.6000 1 M742
1807.9655 11365.9000 1 M556
1062.0570 1275.0000 1 M897
1289.4636 15093.8000 1 M432
2232.9523 14179.2000 1 M464
513.8037 10354.0000 3 M591
1210.3759 6532.7000 2 M720
1297.6418 14434.3000 2 M456
579.9824 15116.9000 2 M434
948.7218 13895.7000 5 M476
1337.9900 10368.5000 2 M594
1472.3645 15497.8000 3 M423
1007.7139 6716.0000 2 M719
1457.6107 14640.6000 2 M455
537.5073 10727.5000 2 M585
240.2423 537.0000 1 M930
1828.2456 16211.6000 1 M402
2287.8197 14898.7000 3 M447
859.4604 4130.6000 1 M810
573.9689 6892.7000 1 M716
1137.7320 5482.3000 3 M765
682.2354 4104.4000 4 M813
1206.9972 8803.3000 3 M654
350.2727 533.2000 1 M934
721.0539 9096.9000 1 M647
1618.5404 4245.3000 2 M814
1346.1913 10316.6000 4 M609
1612.7710 7328.3000 3 M710
1629.7486 8198.7000 1 M685
1063.2690 4572.7000 1 M808
1694.0476 2159.5000 1 M890
131.4608 8649.2000 4 M670
466.8868 14751.7000 2 M468
1066.6579 2447.3000 3 M882
1677.4106 11036.9000 7 M596
3463.1887 15686.7000 5 M441
1279.4863 6204.6000 1 M759
662.5474 13766.4000 2 M507
3449.3812 14460.2000 3 M484
1795.4763 2632.7000 3 M885
1558.2754 10065.4000 1 M633
2045.6977 4891.8000 1 M809
535.1314 6474.1000 3 M756
739.0248 12246.6000 3 M562
1349.6175 15894.6000 3 M442
152.7925 8673.9000 1 M687
811.4532 10646.4000 2 M623
702.4845 7272.8000 5 M741
204.0264 9586.6000 4 M666
1585.0331 5787.1000 1 M795
1015.5717 7312.6000 2 M747
1289.8303 13823.4000 4 M531
1716.4837 3006.2000 2 M896
107.8741 1417.1000 1 M952
1267.5851 11752.5000 1 M603
2009.9188 2698.9000 1 M911
499.2982 1011.0000 1 M971
1656.0628 4145.7000 1 M867
505.5548 14706.9000 5 M513
2092.0500 15217.1000 5 M496
1335.0377 11606.6000 3 M617
835.2526 17765.2000 2 M412
1367.5043 9124.0000 2 M705
1298.4714 9222.7000 2 M702
606.7633 13108.7000 2 M572
2548.0264 12991.3000 4 M576
979.0968 8969.8000 3 M712
1119.6305 1714.7000 1 M958
1125.0398 17195.5000 4 M437
843.8605 6838.6000 3 M785
514.7928 8561.0000 3 M727
605.1097 7084.4000 2 M777
1074.6443 260.3000 1 M1015
840.7536 6900.9000 1 M791
1325.4483 7459.8000 3 M772
772.9138 10413.8000 3 M673
1814.0916 10240.8000 3 M679
1095.0494 15280.0000 5 M511
906.7504 3146.1000 2 M921
1272.2679 7873.8000 1 M760
1196.0825 1872.1000 1 M965
980.3383 7881.6000 3 M762
1722.6536 9628.4000 3 M704
1988.6501 16548.8000 1 M474
1734.1258 9872.4000 3 M699
674.3596 4616.4000 1 M879
1159.0316 745.0000 2 M1014
437.1263 13301.5000 7 M589
784.1808 17689.4000 3 M444
1059.2413 5330.9000 1 M862
885.1677 15927.9000 1 M506
636.5997 15630.2000 1 M516
1288.1125 16614.6000 4 M485
2111.6317 9767.2000 4 M714
909.0925 1360.1000 3 M1000
1533.8744 4513.1000 1 M893
2033.3423 13935.6000 2 M575
2235.0268 14915.9000 3 M543
1774.0093 2460.2000 2 M964
2052.9621 16338.5000 5 M497
628.7446 1988.6000 1 M982
1190.9599 17471.6000 3 M460
1046.6561 7895.8000 1 M781
895.3475 2713.4000 3 M957
3080.8818 9937.7000 3 M715
1171.9104 10487.8000 2 M700
558.2869 2542.8000 1 M970
591.0229 7034.2000 3 M818
459.6135 17816.1000 4 M457
1519.7982 8620.2000 2 M767
1644.9804 7823.2000 2 M796
1116.5362 6113.2000 3 M855
2393.2014 4764.3000 3 M901
1149.2468 11689.6000 3 M667
1147.6894 9900.6000 1 M729
1884.3785 4813.2000 1 M902
926.5877 8622.4000 3 M773
749.7532 13665.3000 1 M605
1986.3949 16001.2000 6 M528
907.6906 7805.9000 1 M806
437.6210 6508.4000 2 M851
2579.6655 13919.9000 1 M601
1486.9212 5940.5000 2 M872
1082.7414 3668.4000 4 M950
2179.7976 15950.0000 2 M536
367.3734 4786.2000 1 M914
1221.3482 4570.1000 1 M922
2296.4719 12040.1000 2 M669
560.0295 7294.2000 2 M835
1278.4703 16251.3000 4 M533
871.3005 14510.1000 2 M592
471.2352 10806.6000 1 M717
944.1057 11690.6000 4 M691
384.8153 8021.8000 2 M817
1137.6537 5759.3000 2 M894
887.4775 13623.3000 2 M629
1648.5030 7672.6000 2 M832
3702.0690 2764.7000 1 M999
437.6259 8679.3000 2 M800
1072.5695 5080.0000 3 M924
2209.3710 10916.7000 4 M726
1673.7804 3796.3000 2 M969
2726.1009 6580.7000 1 M876
526.0899 9142.5000 3 M789
2391.5520 13537.0000 3 M642
1128.3982 10734.9000 3 M737
1108.7526 1962.7000 1 M1036
406.2697 8169.7000 2 M826
582.5952 13007.0000 2 M662
242.4808 5663.2000 1 M913
1721.3854 16063.7000 3 M564
334.2770 12111.5000 4 M698
1990.9452 13108.1000 3 M665
823.8140 12322.0000 2 M692
746.1927 4340.6000 1 M963
2031.2727 16678.5000 3 M546
1181.3900 4017.4000 1 M975
1586.0469 4562.2000 2 M956
874.8214 6280.7000 2 M899
1109.9864 6919.1000 2 M878
620.4476 16939.9000 1 M541
1525.1310 13305.5000 2 M663
687.0102 8484.3000 2 M828
1493.5153 7029.5000 2 M883
1981.3425 1613.2000 2 M1067
1495.5466 1796.2000 1 M1062
488.4604 9412.4000 3 M804
2189.2734 16111.3000 3 M579
1573.6557 4742.5000 1 M968
2356.3269 7549.7000 1 M873
1172.6635 9563.7000 1 M805
754.4887 11168.9000 4 M751
278.0165 1506.5000 2 M1080
2877.9666 3546.6000 1 M1012
2425.1986 5626.3000 4 M944
1840.7207 6817.4000 2 M905
1520.2007 4318.7000 1 M991
1616.0181 4031.2000 3 M1003
809.0989 14649.2000 2 M644
742.9246 15946.4000 4 M602
1549.9520 9224.0000 1 M830
2351.1746 1988.3000 2 M1075
2179.8072 5136.5000 2 M973
2110.9127 10209.8000 3 M801
3353.5821 8182.3000 1 M871
2444.1866 5976.0000 1 M946
2240.1337 15815.2000 6 M614
1380.5524 2313.0000 2 M1071
142.3087 15015.7000 2 M641
1873.2487 11841.7000 1 M750
925.7041 669.6000 1 M1129
1031.4554 2606.2000 1 M1065
1470.0202 16441.5000 2 M597
3689.1867 5360.8000 1 M972
2133.2895 7022.1000 2 M918
706.7947 9227.3000 4 M844
738.1755 6911.0000 1 M923
196.4631 6399.7000 1 M942
1537.6661 16089.1000 3 M615
530.2059 15760.8000 4 M626
1050.0233 7188.5000 2 M917
889.3682 5231.0000 6 M984
1315.8966 8284.6000 2 M880
958.4940 17186.4000 2 M581
1034.8390 11804.8000 2 M763
2044.0002 8227.2000 3 M886
958.4558 8735.6000 2 M869
1213.5761 5076.9000 3 M996
1534.7365 9960.2000 2 M831
488.1070 1215.4000 2 M1127
461.6654 430.3000 1 M1156
505.2550 11544.8000 2 M779
1037.4867 7705.4000 2 M910
1213.8242 8782.8000 1 M874
990.9686 6394.8000 2 M955
895.3526 5428.8000 1 M989
843.6866 8375.5000 5 M889
1158.7315 707.5000 1 M1150
1475.5049 10452.9000 2 M821
2065.8275 14723.5000 5 M676
927.3987 11291.8000 3 M793
540.3603 9327.4000 4 M860
1004.8462 9739.9000 2 M847
2336.2633 2855.1000 3 M1081
2324.0072 10383.3000 5 M827
2792.0026 3008.2000 1 M1077
2201.7483 6562.6000 6 M960
1902.6716 2367.0000 2 M1105
216.5267 1958.5000 1 M1119
1204.1644 15592.8000 5 M657
1258.4935 837.5000 1 M1159
241.2961 1225.0000 1 M1146
491.9601 3058.7000 1 M1086
479.1500 7226.1000 1 M948
2161.6826 13285.0000 4 M745
212.4815 134.9000 1 M1192
355.0212 13483.8000 2 M739
958.5546 4241.5000 2 M1058
2501.8171 7599.9000 4 M947
1026.9187 11862.8000 5 M807
939.9979 7522.8000 3 M962
924.5590 17234.9000 4 M634
1524.5268 7144.2000 1 M977
2552.8954 17149.6000 4 M638
2898.2235 8508.7000 1 M931
728.9022 11392.6000 2 M836
454.9086 8806.0000 1 M926
773.9554 14310.1000 3 M743
1773.6171 3126.3000 1 M1124
1567.7041 8819.0000 2 M932
557.9128 4170.5000 3 M1091
1943.1672 2002.6000 1 M1167
1582.3620 3601.7000 1 M1113
810.7723 3114.9000 2 M1132
1195.3618 4720.9000 3 M1079
1524.5735 8869.0000 2 M939
1726.4990 11117.4000 3 M864
395.3903 9687.1000 3 M915
1245.5376 6901.0000 2 M1010
3319.9847 9094.8000 3 M935
2378.7026 8594.4000 1 M953
1445.0407 1835.4000 1 M1184
547.6794 10787.2000 2 M881
299.8910 6713.3000 1 M1021
1237.8078 16619.8000 4 M694
585.7848 5578.2000 1 M1073
2354.5147 5395.2000 4 M1083
378.0293 7336.8000 1 M1018
1206.5606 1390.1000 1 M1220
704.3079 6047.1000 2 M1063
2473.0898 3379.7000 3 M1153
481.7531 11023.3000 3 M895
1879.0742 13284.8000 4 M819
366.7484 13783.6000 2 M803
1386.3733 13963.6000 3 M799
762.0162 16349.1000 1 M718
668.2571 6563.6000 4 M1053
995.4070 5062.3000 2 M1104
1393.8002 8319.4000 3 M994
2488.7725 7876.2000 3 M1009
2576.7673 3610.5000 3 M1154
1751.5818 14050.1000 2 M802
1360.7795 8846.7000 4 M980
2206.0300 4300.6000 2 M1133
325.6660 1498.9000 1 M1231
459.8857 11729.5000 5 M884
1051.1988 753.6000 2 M1257
930.5863 7499.0000 2 M1030
1349.3086 6497.4000 3 M1064
2991.4989 15676.6000 4 M754
2477.0825 1766.9000 2 M1227
2226.3226 12166.9000 3 M875
2036.4175 16384.6000 2 M735
1863.0633 13560.1000 2 M833
1158.5499 4075.2000 1 M1155
983.4336 15795.3000 4 M766
719.8115 10753.9000 4 M938
944.7098 8302.8000 2 M1022
1946.9492 15783.1000 3 M768
1152.3556 6276.0000 4 M1093
2098.6745 4363.7000 2 M1158
1714.9554 14612.4000 5 M811
2042.3243 1803.6000 2 M1248
1296.3174 8979.9000 1 M1005
2444.5304 10154.7000 3 M967
1113.0104 14012.0000 2 M838
1180.6881 12902.6000 3 M877
1274.3790 6491.1000 2 M1095
897.5593 12261.7000 4 M900
2199.4296 8580.1000 2 M1028
717.7145 6766.5000 3 M1090
1179.4886 9195.5000 4 M1008
1299.1987 13652.2000 3 M859
427.4584 12739.3000 1 M891
1027.9205 1995.3000 1 M1259
893.7345 9088.1000 5 M1019
1928.3119 6029.9000 2 M1122
3539.2316 8054.2000 2 M1055
1139.3088 5857.3000 1 M1136
1382.3045 12502.1000 1 M912
49.5052 5792.9000 2 M1139
1711.4252 7819.7000 2 M1072
2027.8600 9900.5000 3 M1002
193.8053 16813.8000 1 M769
471.3595 9870.6000 2 M1006
1231.5958 5853.1000 3 M1142
865.7778 1059.6000 1 M1307
1281.9920 12493.7000 2 M920
1213.1318 5186.4000 2 M1168
758.7502 10407.3000 2 M992
2259.0523 14877.8000 1 M842
865.9838 11965.9000 3 M943
1891.7565 4490.3000 1 M1199
348.3011 215.8000 1 M1343
817.2952 3001.0000 3 M1252
64.7680 13700.9000 2 M892
1407.0594 15272.3000 5 M841
1662.6563 4594.8000 2 M1204
652.6277 9979.9000 3 M1023
278.1582 6918.7000 2 M1126
804.0195 15033.9000 2 M854
1002.5857 13784.9000 4 M898
2057.1314 7295.3000 3 M1120
2608.3343 15346.4000 3 M848
1246.0559 5237.5000 3 M1191
2839.7421 17649.4000 3 M770
1027.4866 1256.7000 1 M1330
1357.9549 8200.3000 3 M1096
1509.6726 7446.0000 1 M1121
1776.5277 1248.5000 2 M1332
1698.6282 3904.5000 2 M1249
531.0045 15542.5000 3 M858
1252.3783 8579.7000 1 M1094
1195.9702 5752.8000 1 M1190
127.6786 17882.8000 2 M784
505.6823 6442.0000 4 M1174
564.9895 6129.1000 2 M1185
890.8151 13427.1000 3 M940
1567.6110 8246.1000 2 M1116
1050.1364 7369.1000 1 M1149
703.3926 11477.3000 2 M1011
1977.1439 6303.7000 1 M1187
462.2874 8634.5000 1 M1111
809.6039 6746.1000 1 M1179
1556.4927 1208.4000 1 M1369
1074.0426 13993.3000 1 M937
224.7884 4133.2000 1 M1271
2607.4841 5100.9000 3 M1239
849.3821 1707.0000 1 M1353
2184.1951 12277.1000 1 M997
1866.0801 12584.1000 4 M987
535.1098 10800.2000 3 M1049
1282.1789 5373.8000 1 M1233
1218.0778 6116.3000 1 M1209
3262.7511 16380.4000 4 M861
1144.7497 11131.6000 1 M1042
1081.4862 912.3000 1 M1387
398.6065 7932.4000 2 M1151
947.3578 4937.4000 2 M1254
1011.0657 5613.8000 3 M1235
1466.7812 12939.6000 2 M988
1161.9752 2250.8000 1 M1350
1378.5178 7760.9000 1 M1166
865.7001 3896.2000 1 M1297
332.1475 16016.1000 2 M887
1301.0320 11780.2000 1 M1032
1688.7479 5919.1000 2 M1232
198.4567 8514.6000 2 M1144
1279.4899 2740.3000 1 M1342
974.1983 1921.3000 1 M1371
1702.5937 16961.6000 5 M863
1263.6756 5850.4000 1 M1240
272.6615 15170.0000 6 M925
2349.5378 15766.6000 1 M908
1173.0029 2094.4000 1 M1372
438.7524 5348.6000 2 M1264
1228.6585 15034.6000 4 M936
1725.5331 7767.0000 3 M1183
1364.3361 12479.8000 2 M1024
1421.2580 9727.1000 2 M1118
339.3936 7977.8000 3 M1178
236.3431 8753.3000 1 M1152
1567.3772 9249.2000 1 M1135
1132.7440 7509.0000 1 M1197
2299.9058 8269.8000 2 M1171
1483.5001 12010.2000 3 M1046
1380.9737 12805.9000 3 M1020
2886.9601 7249.8000 1 M1212
1792.9910 8910.8000 3 M1157
1979.4015 14595.1000 2 M966
2357.0575 5240.2000 2 M1283
443.7736 -1.0000 -1 M916
1067.0386 -1.0000 -1 M919
1995.2145 -1.0000 -1 M903
1855.9078 -1.0000 -1 M907
3488.9936 -1.0000 -1 M906
1109.6939 -1.0000 -1 M904
640.4785 -1.0000 -1 M909
750.7567 -1.0000 -1 M815
580.4340 -1.0000 -1 M933
1378.9481 -1.0000 -1 M816
1431.4193 -1.0000 -1 M929
1558.4894 -1.0000 -1 M928
1194.5032 -1.0000 -1 M927
1078.4347 -1.0000 -1 M1415
1245.8762 -1.0000 -1 M1416
1065.9703 -1.0000 -1 M1417
1004.6270 -1.0000 -1 M1418
994.2563 -1.0000 -1 M1411
292.0788 -1.0000 -1 M1412
2294.5621 -1.0000 -1 M1413
1303.4205 -1.0000 -1 M1414
1328.0582 -1.0000 -1 M954
439.7235 -1.0000 -1 M951
1025.5279 -1.0000 -1 M837
1987.5192 -1.0000 -1 M1419
303.2219 -1.0000 -1 M713
1565.9723 -1.0000 -1 M834
1358.2034 -1.0000 -1 M839
2661.6343 -1.0000 -1 M959
720.9429 -1.0000 -1 M1410
580.4428 -1.0000 -1 M1305
1845.4930 -1.0000 -1 M1426
561.5308 -1.0000 -1 M1306
535.3341 -1.0000 -1 M1427
1010.4648 -1.0000 -1 M1428
1674.9731 -1.0000 -1 M1308
1469.8680 -1.0000 -1 M1429
1070.6683 -1.0000 -1 M1301
1205.8464 -1.0000 -1 M1422
375.5266 -1.0000 -1 M1302
1248.5302 -1.0000 -1 M1423
885.7036 -1.0000 -1 M1303
1695.1360 -1.0000 -1 M1424
1277.5096 -1.0000 -1 M1304
715.3242 -1.0000 -1 M1425
2609.4046 -1.0000 -1 M822
1563.6497 -1.0000 -1 M820
2265.1615 -1.0000 -1 M941
594.5314 -1.0000 -1 M1309
1020.2917 -1.0000 -1 M825
2796.3961 -1.0000 -1 M703
1769.0370 -1.0000 -1 M824
2806.9990 -1.0000 -1 M945
950.5833 -1.0000 -1 M823
1272.9081 -1.0000 -1 M709
2681.4486 -1.0000 -1 M708
800.0844 -1.0000 -1 M949
1070.7959 -1.0000 -1 M706
3032.9382 -1.0000 -1 M1420
796.7684 -1.0000 -1 M1300
687.2418 -1.0000 -1 M1421
1271.6539 -1.0000 -1 M730
1918.4341 -1.0000 -1 M734
1004.3488 -1.0000 -1 M976
433.3031 -1.0000 -1 M611
2090.3576 -1.0000 -1 M853
719.5940 -1.0000 -1 M974
618.5431 -1.0000 -1 M979
1226.2728 -1.0000 -1 M736
894.3120 -1.0000 -1 M857
1751.5791 -1.0000 -1 M978
1518.6731 -1.0000 -1 M856
1430.5220 -1.0000 -1 M1404
704.6885 -1.0000 -1 M1405
2609.5322 -1.0000 -1 M1406
1057.0613 -1.0000 -1 M1407
1346.2957 -1.0000 -1 M840
954.6120 -1.0000 -1 M961
1088.4940 -1.0000 -1 M1400
1834.2509 -1.0000 -1 M1401
1274.1170 -1.0000 -1 M1402
1749.0644 -1.0000 -1 M1403
2525.7936 -1.0000 -1 M843
960.9608 -1.0000 -1 M721
2346.4253 -1.0000 -1 M606
1243.8349 -1.0000 -1 M1408
2105.4361 -1.0000 -1 M1409
499.6117 -1.0000 -1 M846
1157.5862 -1.0000 -1 M724
1589.3292 -1.0000 -1 M845
689.1682 -1.0000 -1 M849
2334.3688 -1.0000 -1 M990
1335.5567 -1.0000 -1 M1217
445.1376 -1.0000 -1 M1338
1111.6165 -1.0000 -1 M1459
830.4692 -1.0000 -1 M1218
1481.6229 -1.0000 -1 M1339
215.8215 -1.0000 -1 M1219
1261.4618 -1.0000 -1 M752
418.2173 -1.0000 -1 M1213
462.3229 -1.0000 -1 M1334
1328.0111 -1.0000 -1 M1455
635.7689 -1.0000 -1 M993
230.5085 -1.0000 -1 M1214
952.2796 -1.0000 -1 M1335
1507.4327 -1.0000 -1 M1456
2570.6083 -1.0000 -1 M1215
2829.8971 -1.0000 -1 M1336
3363.7988 -1.0000 -1 M1457
1065.1055 -1.0000 -1 M870
833.1780 -1.0000 -1 M1216
2380.0389 -1.0000 -1 M1337
2202.4993 -1.0000 -1 M1458
664.6462 -1.0000 -1 M514
2417.0954 -1.0000 -1 M998
2417.6747 -1.0000 -1 M755
1007.9547 -1.0000 -1 M995
1954.3658 -1.0000 -1 M758
552.1199 -1.0000 -1 M1451
1795.1594 -1.0000 -1 M1210
1627.4486 -1.0000 -1 M1331
915.1503 -1.0000 -1 M1452
375.4808 -1.0000 -1 M1211
1414.3586 -1.0000 -1 M1453
505.3099 -1.0000 -1 M1333
475.4302 -1.0000 -1 M1454
1569.9798 -1.0000 -1 M1450
970.8388 -1.0000 -1 M1107
1670.9347 -1.0000 -1 M1228
1708.5148 -1.0000 -1 M1349
1878.9566 -1.0000 -1 M1108
2879.6655 -1.0000 -1 M1229
1195.4804 -1.0000 -1 M1109
1058.7948 -1.0000 -1 M983
1405.1468 -1.0000 -1 M1103
1844.2830 -1.0000 -1 M1224
1131.6826 -1.0000 -1 M1345
1233.4644 -1.0000 -1 M1225
662.6788 -1.0000 -1 M1346
2004.7871 -1.0000 -1 M981
2226.3363 -1.0000 -1 M1226
1020.7896 -1.0000 -1 M1347
345.3836 -1.0000 -1 M1106
2697.7051 -1.0000 -1 M1348
1478.4883 -1.0000 -1 M865
2024.7557 -1.0000 -1 M986
479.9975 -1.0000 -1 M985
640.2131 -1.0000 -1 M500
1540.9132 -1.0000 -1 M621
1625.5729 -1.0000 -1 M868
1592.4910 -1.0000 -1 M509
1930.3759 -1.0000 -1 M1341
1050.1905 -1.0000 -1 M1100
1176.6425 -1.0000 -1 M1221
1540.9640 -1.0000 -1 M1101
1445.3758 -1.0000 -1 M1222
1992.5215 -1.0000 -1 M1102
210.7526 -1.0000 -1 M1223
1710.1082 -1.0000 -1 M1344
201.7899 -1.0000 -1 M1460
260.4374 -1.0000 -1 M1340
1922.1969 -1.0000 -1 M1461
2085.5756 -1.0000 -1 M1316
1113.6912 -1.0000 -1 M1437
795.7190 -1.0000 -1 M1317
1072.2158 -1.0000 -1 M1438
1624.0088 -1.0000 -1 M1318
700.4043 -1.0000 -1 M1439
1731.9781 -1.0000 -1 M1319
717.3219 -1.0000 -1 M411
1126.8007 -1.0000 -1 M653
976.7471 -1.0000 -1 M1312
1458.2073 -1.0000 -1 M1433
1959.7847 -1.0000 -1 M652
543.6453 -1.0000 -1 M1313
3070.3746 -1.0000 -1 M1434
2207.0568 -1.0000 -1 M1314
2923.1624 -1.0000 -1 M1435
1048.1152 -1.0000 -1 M771
948.9607 -1.0000 -1 M1315
1481.1396 -1.0000 -1 M1436
1103.6166 -1.0000 -1 M776
191.7452 -1.0000 -1 M775
1098.0323 -1.0000 -1 M419
1606.2708 -1.0000 -1 M537
1457.4503 -1.0000 -1 M658
1887.9318 -1.0000 -1 M1430
1009.0145 -1.0000 -1 M1310
2525.0038 -1.0000 -1 M1431
366.8480 -1.0000 -1 M1311
898.4022 -1.0000 -1 M1432
1658.2765 -1.0000 -1 M1206
1166.1609 -1.0000 -1 M1327
835.0356 -1.0000 -1 M1448
842.8544 -1.0000 -1 M1207
1016.3056 -1.0000 -1 M1328
1014.4369 -1.0000 -1 M1449
1716.3127 -1.0000 -1 M1208
752.7040 -1.0000 -1 M1329
1894.7062 -1.0000 -1 M521
476.1518 -1.0000 -1 M1202
1674.6367 -1.0000 -1 M1323
1205.3034 -1.0000 -1 M1444
1993.5523 -1.0000 -1 M1203
2095.2246 -1.0000 -1 M1324
2743.1799 -1.0000 -1 M1445
541.0084 -1.0000 -1 M1325
1915.3460 -1.0000 -1 M1446
771.8681 -1.0000 -1 M1205
1242.9936 -1.0000 -1 M1326
632.1312 -1.0000 -1 M1447
270.3753 -1.0000 -1 M646
606.8348 -1.0000 -1 M888
891.7530 -1.0000 -1 M401
1787.6530 -1.0000 -1 M522
1671.2625 -1.0000 -1 M764
2720.3043 -1.0000 -1 M529
1295.8326 -1.0000 -1 M526
1545.4472 -1.0000 -1 M1440
1814.6933 -1.0000 -1 M1320
756.9452 -1.0000 -1 M1441
779.2471 -1.0000 -1 M1200
622.6198 -1.0000 -1 M1321
1258.3508 -1.0000 -1 M1442
1532.3252 -1.0000 -1 M1201
2464.1571 -1.0000 -1 M1322
205.0894 -1.0000 -1 M1443
1328.1404 -1.0000 -1 M1378
1607.9434 -1.0000 -1 M1016
1946.3004 -1.0000 -1 M1137
1218.0205 -1.0000 -1 M1258
1035.8562 -1.0000 -1 M1379
119.1263 -1.0000 -1 M1017
1099.3569 -1.0000 -1 M1138
165.2148 -1.0000 -1 M313
998.8140 -1.0000 -1 M559
145.5483 -1.0000 -1 M1253
1077.0607 -1.0000 -1 M1374
1088.5134 -1.0000 -1 M1375
2224.7578 -1.0000 -1 M1013
2397.7616 -1.0000 -1 M1134
989.2109 -1.0000 -1 M1255
2078.3905 -1.0000 -1 M1376
2394.9633 -1.0000 -1 M1256
980.9172 -1.0000 -1 M1377
2595.5222 -1.0000 -1 M1370
2555.1445 -1.0000 -1 M1250
820.3158 -1.0000 -1 M1130
648.3054 -1.0000 -1 M1251
1984.1415 -1.0000 -1 M1131
2192.9074 -1.0000 -1 M1373
1617.6870 -1.0000 -1 M664
1188.1160 -1.0000 -1 M1026
2063.1443 -1.0000 -1 M1147
1726.0328 -1.0000 -1 M1268
770.2754 -1.0000 -1 M1389
1838.7440 -1.0000 -1 M1027
778.3559 -1.0000 -1 M1148
1554.1771 -1.0000 -1 M1269
317.9650 -1.0000 -1 M783
1788.8549 -1.0000 -1 M782
378.3067 -1.0000 -1 M1029
2363.7328 -1.0000 -1 M305
1720.4829 -1.0000 -1 M304
245.4656 -1.0000 -1 M425
687.1839 -1.0000 -1 M787
2311.6962 -1.0000 -1 M302
347.2177 -1.0000 -1 M786
1582.1597 -1.0000 -1 M309
1581.9620 -1.0000 -1 M429
1339.7236 -1.0000 -1 M548
483.4107 -1.0000 -1 M1380
176.7587 -1.0000 -1 M1143
2557.4204 -1.0000 -1 M1385
1574.7686 -1.0000 -1 M1265
1482.6094 -1.0000 -1 M1386
1007.4716 -1.0000 -1 M1145
914.6054 -1.0000 -1 M1266
1447.6795 -1.0000 -1 M1025
2166.7790 -1.0000 -1 M1267
309.6527 -1.0000 -1 M1388
1661.4527 -1.0000 -1 M1260
486.9915 -1.0000 -1 M1381
1502.0090 -1.0000 -1 M1140
1959.7365 -1.0000 -1 M1261
1152.3553 -1.0000 -1 M1382
1810.0158 -1.0000 -1 M1141
958.5255 -1.0000 -1 M1262
630.9767 -1.0000 -1 M1383
1124.2822 -1.0000 -1 M1263
1297.9311 -1.0000 -1 M1384
1147.0362 -1.0000 -1 M451
1083.2779 -1.0000 -1 M1114
647.9498 -1.0000 -1 M1356
1153.6639 -1.0000 -1 M333
737.1623 -1.0000 -1 M454
165.8587 -1.0000 -1 M696
2152.3709 -1.0000 -1 M1115
655.5583 -1.0000 -1 M1236
610.4967 -1.0000 -1 M1357
1530.8179 -1.0000 -1 M211
1199.8484 -1.0000 -1 M332
808.6876 -1.0000 -1 M453
375.9146 -1.0000 -1 M574
2568.5118 -1.0000 -1 M1237
2512.2645 -1.0000 -1 M1358
2232.5455 -1.0000 -1 M1117
1851.5959 -1.0000 -1 M1238
2649.4965 -1.0000 -1 M1359
2151.7262 -1.0000 -1 M216
1416.0198 -1.0000 -1 M337
1001.4795 -1.0000 -1 M215
1220.0818 -1.0000 -1 M339
1438.6135 -1.0000 -1 M1110
1382.6550 -1.0000 -1 M1352
665.1399 -1.0000 -1 M1112
995.4997 -1.0000 -1 M1354
1544.8239 -1.0000 -1 M1234
736.2792 -1.0000 -1 M1355
1407.3356 -1.0000 -1 M1230
1023.7225 -1.0000 -1 M1351
603.3593 -1.0000 -1 M560
2345.1296 -1.0000 -1 M681
931.9159 -1.0000 -1 M680
359.3369 -1.0000 -1 M686
1345.7105 -1.0000 -1 M1004
3111.2239 -1.0000 -1 M1125
1685.4791 -1.0000 -1 M1246
1069.9553 -1.0000 -1 M1367
1150.4180 -1.0000 -1 M322
1439.8026 -1.0000 -1 M443
1046.9295 -1.0000 -1 M1247
587.8365 -1.0000 -1 M1368
2515.0547 -1.0000 -1 M200
2673.1930 -1.0000 -1 M1007
117.7506 -1.0000 -1 M1128
1653.2897 -1.0000 -1 M448
1462.9352 -1.0000 -1 M326
2014.5202 -1.0000 -1 M689
728.5600 -1.0000 -1 M325
1808.3334 -1.0000 -1 M446
558.9018 -1.0000 -1 M688
514.7343 -1.0000 -1 M1242
1151.4018 -1.0000 -1 M1363
136.5037 -1.0000 -1 M1001
945.3615 -1.0000 -1 M1243
1464.2454 -1.0000 -1 M1364
436.0430 -1.0000 -1 M1123
1315.1986 -1.0000 -1 M1244
1903.9591 -1.0000 -1 M1365
761.7391 -1.0000 -1 M1245
1566.3518 -1.0000 -1 M1366
3104.1494 -1.0000 -1 M1360
1735.8206 -1.0000 -1 M1361
412.6547 -1.0000 -1 M1241
1003.7193 -1.0000 -1 M1362
1716.4833 -1.0000 -1 M231
1284.2716 -1.0000 -1 M352
1364.7303 -1.0000 -1 M351
974.4013 -1.0000 -1 M1059
959.3934 -1.0000 -1 M234
974.1043 -1.0000 -1 M355
1749.2215 -1.0000 -1 M236
1359.0933 -1.0000 -1 M1290
2067.2552 -1.0000 -1 M1170
1763.8033 -1.0000 -1 M1291
1764.6089 -1.0000 -1 M1050
1688.7940 -1.0000 -1 M1292
666.8006 -1.0000 -1 M1176
933.9651 -1.0000 -1 M1056
218.0006 -1.0000 -1 M1177
1268.4654 -1.0000 -1 M1298
1682.3713 -1.0000 -1 M1057
1507.0179 -1.0000 -1 M1299
882.1753 -1.0000 -1 M1051
2203.7980 -1.0000 -1 M1172
1757.4112 -1.0000 -1 M1293
1545.4456 -1.0000 -1 M1052
1575.6050 -1.0000 -1 M1173
802.0317 -1.0000 -1 M1294
2072.0193 -1.0000 -1 M1295
189.2044 -1.0000 -1 M1054
498.1728 -1.0000 -1 M1175
165.0903 -1.0000 -1 M1296
1433.7515 -1.0000 -1 M462
3506.5018 -1.0000 -1 M580
236.7163 -1.0000 -1 M586
2059.6486 -1.0000 -1 M100
426.8821 -1.0000 -1 M221
2374.8384 -1.0000 -1 M348
1369.9849 -1.0000 -1 M469
1077.8375 -1.0000 -1 M226
906.1043 -1.0000 -1 M225
917.3187 -1.0000 -1 M346
1540.1039 -1.0000 -1 M1180
1231.9782 -1.0000 -1 M1060
1001.8839 -1.0000 -1 M1181
1450.5286 -1.0000 -1 M1061
1649.7303 -1.0000 -1 M1182
1535.9336 -1.0000 -1 M1066
2288.2705 -1.0000 -1 M1188
1462.4832 -1.0000 -1 M1068
1833.9142 -1.0000 -1 M1189
1075.3706 -1.0000 -1 M1069
1570.4488 -1.0000 -1 M1186
203.4683 -1.0000 -1 M253
1795.1111 -1.0000 -1 M257
1348.1178 -1.0000 -1 M378
1694.5086 -1.0000 -1 M1037
2291.9902 -1.0000 -1 M1279
1571.2934 -1.0000 -1 M377
1015.9588 -1.0000 -1 M1038
1258.3709 -1.0000 -1 M134
1955.4001 -1.0000 -1 M1039
1620.4468 -1.0000 -1 M254
1484.5586 -1.0000 -1 M1390
440.2554 -1.0000 -1 M1270
1829.1830 -1.0000 -1 M1391
248.5110 -1.0000 -1 M1033
945.0483 -1.0000 -1 M1275
183.3675 -1.0000 -1 M1396
901.9521 -1.0000 -1 M1034
1466.1178 -1.0000 -1 M1276
2264.8677 -1.0000 -1 M1397
513.7828 -1.0000 -1 M1035
997.0913 -1.0000 -1 M1277
1659.8850 -1.0000 -1 M1398
1270.6938 -1.0000 -1 M1278
1406.3770 -1.0000 -1 M1399
1198.8237 -1.0000 -1 M1392
1016.4207 -1.0000 -1 M1272
303.9732 -1.0000 -1 M1393
275.1098 -1.0000 -1 M1031
2945.8786 -1.0000 -1 M1273
1037.2298 -1.0000 -1 M1394
2105.2154 -1.0000 -1 M1274
2046.7884 -1.0000 -1 M1395
1952.2426 -1.0000 -1 M121
2099.3380 -1.0000 -1 M1048
2707.8028 -1.0000 -1 M1169
1222.7952 -1.0000 -1 M487
1238.4757 -1.0000 -1 M486
860.3806 -1.0000 -1 M243
1241.7105 -1.0000 -1 M1280
2424.0273 -1.0000 -1 M1160
1377.1155 -1.0000 -1 M1281
1209.3985 -1.0000 -1 M1044
2622.2994 -1.0000 -1 M1165
2664.1643 -1.0000 -1 M1286
1672.9658 -1.0000 -1 M1045
1965.6562 -1.0000 -1 M1287
620.9190 -1.0000 -1 M1288
567.2099 -1.0000 -1 M1047
1152.0908 -1.0000 -1 M1289
456.0160 -1.0000 -1 M370
1108.5005 -1.0000 -1 M1040
1766.3013 -1.0000 -1 M1161
628.2738 -1.0000 -1 M1282
705.0327 -1.0000 -1 M490
1396.7044 -1.0000 -1 M1041
1627.2774 -1.0000 -1 M1162
1415.2555 -1.0000 -1 M1163
1537.5721 -1.0000 -1 M1284
1401.2809 -1.0000 -1 M1043
1465.2453 -1.0000 -1 M1164
576.2001 -1.0000 -1 M1285
463.0714 -1.0000 -1 M393
848.3313 -1.0000 -1 M279
410.7738 -1.0000 -1 M399
1687.3992 -1.0000 -1 M156
1514.9578 -1.0000 -1 M1092
371.9389 -1.0000 -1 M1099
505.4342 -1.0000 -1 M161
1165.9464 -1.0000 -1 M1097
943.2267 -1.0000 -1 M1098
999.3358 -1.0000 -1 M263
1132.4649 -1.0000 -1 M262
538.3983 -1.0000 -1 M383
979.5157 -1.0000 -1 M382
1897.5329 -1.0000 -1 M268
955.5159 -1.0000 -1 M266
1601.8307 -1.0000 -1 M150
778.3247 -1.0000 -1 M271
1160.0773 -1.0000 -1 M392
574.6782 -1.0000 -1 M295
1639.3738 -1.0000 -1 M298
1792.6167 -1.0000 -1 M1070
1376.6202 -1.0000 -1 M1193
1363.4266 -1.0000 -1 M1198
912.0549 -1.0000 -1 M1078
1049.7398 -1.0000 -1 M1194
351.0297 -1.0000 -1 M1074
1388.4571 -1.0000 -1 M1195
549.1757 -1.0000 -1 M1196
1086.4276 -1.0000 -1 M1076
2439.2729 -1.0000 -1 M284
798.7129 -1.0000 -1 M283
895.8988 -1.0000 -1 M1082
589.3241 -1.0000 -1 M1088
968.6250 -1.0000 -1 M1089
683.2531 -1.0000 -1 M1084
2918.0827 -1.0000 -1 M292
2072.0566 -1.0000 -1 M1085
2098.6102 -1.0000 -1 M1087
585.2141 -1.0000 -1 M197
1915.6560 -1.0000 -1 M196
865.6283 -1.0000 -1 M194
